-0.046200	0.328854	0.398225	0.146948	-0.008154	-0.149136	0.053217	-0.082614	-0.180575	0.075694	0.125250	-0.221107	0.176833	0.178785	0.269788	0.031518	0.105000	0.167002	-0.161580	-0.194696	0.064858	-0.148061	0.306265	-0.379450	0.251200	
-0.050222	-0.205090	-0.104503	0.063452	0.057736	0.002681	0.064331	-0.057597	0.309138	-0.296460	0.371294	0.057821	0.301305	0.251255	0.128007	-0.026267	-0.261456	0.080901	-0.000765	-0.066301	0.334551	-0.119723	0.299092	-0.372839	0.001145	
-0.037284	-0.072480	-0.107356	0.312061	-0.252104	0.083376	-0.136254	-0.032113	0.103283	-0.327969	0.065936	-0.210747	0.199035	-0.003841	0.029679	0.033058	-0.184031	0.076878	-0.416727	-0.010929	-0.396457	-0.322815	-0.009848	-0.301579	0.073587	
-0.228966	0.258942	-0.167540	0.247257	-0.182728	-0.062142	0.209163	-0.158386	0.119232	-0.178642	-0.124201	-0.259452	0.272061	0.195397	0.214781	-0.153946	0.107651	-0.138399	-0.217639	-0.186259	0.236732	-0.162632	0.195552	-0.268127	0.251740	
-0.033509	-0.192272	-0.070320	0.062271	0.008110	0.012200	0.078227	-0.065386	0.337288	-0.323895	0.374164	0.064499	0.337179	0.220469	0.122347	-0.045949	-0.216507	0.069204	0.048205	-0.057570	0.300574	-0.120171	0.294391	-0.322170	-0.016511	
-0.059652	0.050038	-0.014945	0.328154	-0.231323	0.032791	0.052164	-0.316068	0.185833	-0.342386	-0.004853	-0.096451	-0.061585	0.252168	-0.024532	0.107106	0.051094	0.155924	-0.061553	-0.104790	0.048934	-0.238729	0.249924	-0.303315	0.019306	
-0.117393	-0.091503	0.274854	0.422653	0.060944	-0.104000	0.195275	-0.285650	-0.068783	0.129333	0.292944	-0.160175	0.361510	0.177630	0.263968	0.115724	-0.017418	0.072470	-0.116858	-0.312407	0.260541	0.097755	0.062615	-0.033336	0.083593	
-0.300800	0.100079	-0.187184	-0.031174	0.146961	-0.032426	-0.135794	-0.234979	0.181273	0.161596	-0.129034	-0.291104	0.146965	0.282584	0.233297	0.135361	-0.222653	0.174421	0.123737	-0.129783	0.320767	-0.241579	-0.188399	-0.316159	0.134555	
-0.315659	0.251511	-0.135583	-0.174479	0.096355	-0.115547	-0.142782	0.167485	0.096916	-0.047079	-0.083847	-0.158796	0.150532	-0.135053	0.165907	-0.105266	-0.086231	0.145118	0.276485	0.179642	0.120132	-0.148284	-0.212738	0.065586	0.094237	
0.018784	-0.139864	-0.038907	-0.053899	0.054752	-0.196142	-0.240429	0.214175	-0.225427	-0.259376	-0.198928	-0.280678	-0.190234	0.120207	0.015115	-0.199750	-0.177937	-0.269947	-0.134748	-0.261629	-0.266788	0.241117	0.239120	-0.222763	0.272113	
-0.096081	-0.139173	0.233658	0.277203	-0.157072	0.013023	0.026539	-0.155969	0.145287	-0.232659	-0.014323	-0.147448	0.042176	-0.017551	0.131870	0.029416	0.063835	-0.128593	-0.061912	-0.295166	0.076932	-0.227899	-0.125084	-0.349036	0.060048	
-0.245159	0.038796	0.041296	0.238951	0.028166	-0.296440	-0.000163	-0.258790	0.294431	-0.279333	0.113559	-0.254216	-0.001986	0.142817	0.307135	0.005121	-0.153850	-0.182117	-0.124465	-0.255581	0.266813	0.134227	0.069600	-0.207150	0.300260	
-0.183266	0.179457	0.284588	0.304241	-0.272823	-0.266130	0.127652	0.111703	0.257613	0.056216	0.356908	-0.229859	0.052851	-0.001663	0.155011	0.160252	-0.058022	0.080537	0.060844	-0.349715	-0.159092	-0.320716	-0.067034	-0.032655	0.062830	
0.147255	0.234051	0.208616	0.329872	-0.176211	-0.103066	0.169013	-0.253764	0.158224	-0.128727	-0.101266	0.215460	0.235564	0.288137	0.327677	0.058299	0.022946	0.015748	0.075648	0.099665	0.218188	0.210694	-0.044922	-0.123891	0.385841	
-0.012738	-0.016008	-0.077709	-0.024902	-0.093630	0.026758	-0.019575	0.042945	-0.018198	-0.082054	-0.068660	0.039491	-0.081907	0.064482	-0.020575	-0.279202	-0.035996	-0.064185	0.010595	0.037249	-0.103272	-0.186233	0.127229	-0.101718	-0.031793	
-0.004628	-0.036002	-0.106711	-0.030601	-0.021284	0.077918	0.032637	0.096197	-0.014363	-0.091530	-0.154311	-0.029822	-0.120660	0.044508	-0.129740	-0.085188	0.010030	-0.071429	0.035371	0.012462	-0.032329	-0.042708	-0.100485	-0.074545	0.086218	
0.142818	0.126541	-0.184477	-0.123992	0.144295	0.174254	0.138549	0.048588	-0.007592	-0.270785	-0.133042	-0.297711	-0.258964	-0.005339	0.149292	-0.036695	0.143836	-0.063219	-0.127728	0.205878	-0.265522	0.062779	-0.194257	0.144618	0.152535	
0.224395	0.000593	-0.173217	-0.037417	-0.403043	0.039334	0.129803	0.011247	-0.041113	-0.026993	-0.187013	-0.288936	-0.017341	-0.016651	-0.153443	-0.022781	-0.188090	0.148044	-0.195053	0.154749	-0.244823	-0.281899	0.143020	-0.012998	-0.104175	
0.000260	0.001173	0.488626	-0.013014	0.213943	0.004472	-0.003088	0.001494	-0.185146	0.157140	-0.001917	-0.147237	0.265640	-0.039781	-0.004731	0.283222	0.005168	-0.008290	0.014814	0.010937	0.416444	0.280960	0.298926	0.070176	-0.011721	
-0.125392	0.051586	-0.001986	-0.245709	0.371347	-0.112660	0.019423	-0.076341	-0.026698	0.224461	0.032809	-0.235336	-0.148124	-0.175601	0.036431	-0.365092	-0.216778	0.163557	0.109265	0.235390	-0.287903	-0.393851	0.165983	0.199933	0.139994	
0.022696	-0.027119	0.092400	-0.036036	-0.095574	0.015688	-0.042305	0.038025	-0.053450	-0.227172	-0.073397	0.100689	-0.103351	0.039277	-0.019544	-0.521464	0.013209	-0.051470	-0.016594	0.073659	-0.036263	-0.072495	-0.095022	-0.142403	-0.063140	
0.131135	-0.039263	-0.315842	-0.276080	0.136533	0.246156	0.027611	0.335622	0.218953	-0.302060	0.012082	0.198837	-0.031186	0.236449	-0.197352	-0.196021	-0.295767	-0.002211	0.142074	0.270469	0.175632	-0.210936	0.163873	-0.127375	0.017052	
0.111233	-0.071870	-0.223618	-0.358938	-0.125394	0.164478	-0.147815	0.101157	-0.009428	-0.003109	-0.295980	0.098497	-0.416068	-0.142301	-0.224437	-0.198717	0.028155	-0.253036	0.074935	0.325274	-0.188873	-0.147876	-0.238975	0.217822	-0.099001	
-0.150806	0.143218	0.004397	0.020574	0.210514	-0.153376	0.194296	0.281264	0.272171	-0.326837	-0.277758	0.092470	-0.304312	0.223671	-0.192597	0.291745	0.120858	-0.187933	-0.217959	0.216053	-0.170638	-0.089257	-0.091117	0.186276	0.105349	
-0.300088	0.284262	-0.093405	-0.124046	-0.074105	-0.182909	0.021664	0.198121	0.024843	0.039825	-0.103285	-0.191789	0.115842	0.139642	-0.293061	-0.137657	0.072532	-0.129733	0.151852	0.048347	-0.054441	-0.096423	-0.030428	-0.048703	-0.061145	
0.057617	-0.006761	0.013684	-0.006526	0.011795	-0.015284	-0.014801	0.006065	-0.033795	0.007363	0.012437	-0.005200	-0.003300	0.018574	-0.034259	-0.018941	-0.055433	0.018149	0.007772	0.002725	-0.020068	0.003201	-0.002381	0.002900	0.001131	
0.008890	0.004352	-0.003426	-0.004368	-0.000223	0.003425	-0.001248	-0.008949	0.004201	0.004328	-0.002903	-0.004795	-0.005131	0.002358	-0.002399	0.003186	0.001010	0.000099	-0.001137	0.001552	0.003381	-0.007754	0.019626	0.002885	0.000171	
-0.377687	0.104507	-0.236213	-0.116726	-0.247613	0.270067	-0.081795	0.158733	0.305257	-0.147396	-0.214165	-0.013444	-0.213499	0.197233	-0.044749	0.403551	-0.122002	-0.116697	-0.113063	-0.138812	-0.225713	-0.004719	0.259210	-0.089489	-0.117728	
-0.075577	0.217202	-0.179173	-0.089116	-0.060227	0.211203	0.090189	0.015908	-0.116665	0.008761	-0.049915	0.189300	-0.336833	0.059263	-0.006826	-0.434667	0.104315	-0.024427	0.030246	0.241846	0.134206	-0.418394	0.142771	-0.000840	0.098675	
0.130651	0.226333	-0.176130	-0.013845	-0.003015	-0.208035	0.197462	-0.124002	-0.142995	0.103647	0.235525	-0.262337	0.107302	-0.170259	0.282807	-0.278625	-0.227715	0.136523	-0.278482	-0.221681	0.268724	-0.075341	-0.075271	-0.351712	0.210662	
-0.226924	0.322050	0.193989	0.268019	-0.144076	-0.283125	-0.017983	-0.224308	-0.126060	-0.248262	0.208662	-0.019323	0.039941	0.234151	0.177472	0.150655	-0.089223	0.210137	-0.220105	-0.177100	0.105459	-0.214569	0.254035	-0.293714	-0.108736	
-0.072824	-0.105289	0.277376	0.262149	-0.091758	-0.129587	0.126389	-0.302966	0.054767	-0.263712	0.302637	0.018550	0.293525	0.105737	0.223537	-0.296548	0.105988	0.082696	-0.261706	-0.245690	0.224760	0.178302	-0.119208	-0.243964	0.026015	
-0.125105	0.010509	-0.041457	0.320970	-0.177964	0.146641	0.054621	-0.329306	0.129593	-0.339725	0.240381	-0.049827	0.093159	0.127834	0.144123	-0.305745	-0.083002	-0.093070	-0.076788	-0.325652	0.217342	-0.110873	-0.005201	-0.206952	0.032202	
0.064887	-0.004144	0.085748	0.386656	0.045844	-0.226181	0.292450	-0.109773	0.056309	-0.429278	-0.110913	0.148952	0.118291	0.089205	0.398184	-0.075491	-0.002528	0.073226	0.014178	-0.365823	-0.046513	0.017042	0.039415	-0.041735	0.356348	
-0.053684	-0.109662	-0.252540	0.333976	-0.291315	0.109612	0.051605	-0.218671	0.091698	-0.164551	0.238240	-0.141636	0.381236	0.247533	-0.035583	-0.123785	-0.056269	0.058481	-0.269993	-0.269055	0.132377	-0.080153	0.116458	-0.357171	0.057544	
-0.053827	-0.131560	0.289958	0.306865	-0.084358	-0.101640	0.093250	-0.264556	0.054180	-0.273987	0.265315	0.000759	0.278844	0.143640	0.220693	-0.304075	0.073155	0.074586	-0.275728	-0.288461	0.221611	0.187217	-0.136343	-0.200784	0.048458	
-0.029300	-0.133538	0.116501	0.070557	-0.286299	-0.136782	0.172030	-0.118068	0.135788	0.023441	0.097321	-0.138368	0.197500	-0.113139	0.044328	0.266302	0.159114	0.229619	-0.004562	-0.103762	0.259577	-0.242948	0.029722	-0.237512	0.138406	
-0.082356	-0.069085	0.212569	0.352515	-0.111926	-0.116091	0.124083	-0.279488	0.001349	-0.238366	0.276364	-0.055621	0.320174	0.058882	0.261784	-0.185907	0.105786	0.127417	-0.246281	-0.270706	0.285180	0.111464	-0.074283	-0.298419	0.033350	
-0.253527	0.159137	-0.004644	0.355638	0.073093	-0.145762	0.271002	0.101333	0.082976	-0.325337	0.169502	-0.258653	0.053881	0.078802	0.106364	-0.084185	0.097250	-0.032973	0.045871	-0.187957	0.254673	0.029638	0.314161	-0.205814	0.277197	
-0.082179	-0.120069	-0.211074	0.322656	-0.262485	0.054067	0.136651	-0.246652	0.100382	-0.207090	0.251236	-0.120855	0.301979	0.322076	-0.079184	-0.126828	-0.035200	0.036972	-0.295652	-0.180258	0.205942	-0.050212	0.158221	-0.359432	0.004965	
0.177172	-0.017548	0.117033	-0.275907	0.232033	0.136974	-0.249121	0.033300	-0.075110	0.282283	-0.042781	0.230599	-0.156124	0.037148	-0.149549	0.310510	-0.155780	-0.065438	0.095107	0.403359	-0.253395	-0.240148	0.073856	0.279765	-0.205948	
-0.001556	0.006900	0.012913	-0.007513	-0.008561	-0.005761	0.003269	0.011530	0.015381	-0.005762	0.003781	0.003412	-0.005137	-0.000314	-0.002974	-0.005192	-0.010344	0.008022	0.005445	0.002340	-0.005642	0.003638	0.008951	0.013915	-0.003547	
0.038601	-0.006950	0.024848	-0.003303	-0.023966	-0.038853	-0.092615	-0.070993	-0.035686	-0.010219	-0.074826	0.156993	-0.006081	-0.021277	-0.038326	-0.179832	0.014621	0.062421	0.134016	0.065789	0.099021	0.039856	-0.123067	-0.048375	0.049317	
0.008475	0.046432	-0.012690	0.043344	0.044034	0.016597	0.015959	-0.060648	-0.001730	0.180286	0.016476	0.034063	-0.042483	-0.026959	0.064911	0.070544	0.069504	0.082150	0.000620	0.065462	0.111813	-0.035845	0.003241	0.064254	0.031444	
0.002769	0.031323	0.102849	0.025223	0.089792	-0.049082	0.033763	-0.043192	0.038774	0.126826	0.071626	-0.030858	0.116649	-0.051762	0.046187	0.211731	0.041081	0.054085	-0.010878	-0.055742	0.051579	0.185157	-0.150612	0.093789	0.048710	
0.019489	-0.007074	0.445167	-0.162956	-0.022168	-0.043996	-0.014459	0.034430	-0.033503	0.427973	-0.061356	0.069661	-0.148586	-0.083575	-0.065472	-0.512026	0.012858	-0.037865	0.095384	0.215343	0.021265	-0.143434	-0.132743	0.398676	-0.040217	
0.004225	0.007673	-0.003974	0.008865	0.006847	-0.007300	-0.002627	-0.002710	-0.004749	0.002515	-0.005560	0.006313	0.000598	-0.001353	0.000718	0.006502	0.004034	-0.002165	0.001922	0.015956	0.009124	0.260956	-0.001130	0.004464	0.003311	
0.039024	0.113177	-0.223982	-0.059997	-0.015474	0.027550	0.086899	-0.046369	-0.046420	0.268414	0.076762	0.128563	-0.505476	-0.006273	-0.063712	0.030212	-0.000911	0.018525	0.091298	0.212663	0.287963	-0.506853	0.170075	0.068900	0.043740	
-0.594696	0.053691	-0.040659	0.039941	0.110046	-0.016728	-0.068828	-0.041418	-0.069476	0.010772	-0.051416	0.003639	0.056812	-0.159395	0.012782	-0.030171	0.110610	-0.554014	-0.001523	0.435036	0.051226	-0.002669	-0.134464	-0.028793	0.029205	
0.032824	0.149552	0.075046	0.024114	-0.028453	-0.130767	-0.036654	-0.093798	0.044759	0.031208	0.205434	0.127709	-0.171803	0.092512	-0.070809	0.027944	-0.092846	0.280918	0.002997	-0.019184	-0.095669	0.030664	0.020237	-0.041089	0.089034	
0.024728	0.010652	-0.072888	0.035299	-0.008104	-0.056785	0.005953	0.066435	-0.000852	-0.071330	-0.013736	-0.093938	-0.043471	-0.019681	0.029206	0.042721	-0.080361	0.047961	0.036669	0.140905	0.156903	-0.128898	0.014532	-0.025287	-0.094170	
0.057970	-0.184039	-0.094652	-0.050175	-0.159158	0.014572	0.032773	-0.177186	0.110635	0.088502	0.073279	0.032136	-0.027138	-0.071259	-0.030937	-0.012953	-0.003516	-0.013094	-0.104413	0.043916	-0.065950	-0.027979	-0.114375	0.057352	-0.050050	
-0.020359	0.070126	0.045317	-0.078227	-0.013936	0.010037	-0.047297	-0.150274	-0.127665	0.079816	0.053776	-0.049004	-0.087231	0.139706	-0.193984	0.056401	0.123689	0.058057	0.006472	0.026271	-0.020003	-0.101134	-0.024066	0.013919	0.003999	
-0.010183	0.071100	-0.091468	-0.144081	0.022469	0.147209	-0.091926	-0.001007	0.135956	-0.020873	-0.016830	0.006209	-0.004110	0.052645	-0.018313	-0.074763	0.131465	0.000513	0.036188	0.012310	0.041264	0.094534	0.007187	0.087801	-0.009776	
-0.014385	0.038512	-0.096793	0.034733	0.095349	-0.037256	0.046780	-0.037275	0.036582	0.248001	0.068055	-0.089537	0.102468	-0.042033	0.019966	0.526475	-0.008126	0.050222	0.013015	-0.060636	0.038002	0.071297	0.091673	0.150639	0.049910	
0.120671	-0.139941	-0.169162	0.011019	0.197112	-0.161272	-0.031050	0.026757	0.201739	-0.159136	0.203366	0.002351	0.032124	-0.205445	-0.095690	-0.003949	-0.064565	0.080030	-0.089990	0.033716	-0.016390	0.172250	-0.042094	-0.034377	0.146436	
-0.129828	-0.323348	-0.135911	0.204007	0.230227	-0.265323	-0.139721	-0.161903	0.187316	-0.137907	-0.294224	-0.187214	0.194139	0.066060	-0.248512	-0.153171	0.196078	0.223730	-0.218071	0.224287	-0.278875	0.176664	-0.003998	-0.014401	0.193184	
-0.028563	-0.035050	-0.067335	0.009932	0.077174	-0.017017	0.093193	0.062104	-0.015520	-0.045558	-0.022431	0.083932	0.053447	-0.015635	-0.033181	0.074826	-0.098144	-0.135079	0.080598	0.049018	0.032668	-0.092018	-0.083771	-0.020108	0.141646	
0.074563	0.255106	-0.026840	0.037944	-0.321234	-0.035513	-0.332403	0.101015	0.288513	-0.111460	0.038281	-0.138232	0.024863	0.192866	-0.296048	0.112644	-0.128757	0.141179	0.124736	0.036306	-0.293295	-0.028782	-0.056457	0.046001	0.078621	
0.020105	-0.016149	0.021104	-0.039582	-0.005908	-0.001657	0.013642	0.022286	0.001644	-0.010591	-0.002831	0.037285	-0.046526	-0.011897	-0.000454	-0.033576	0.004632	0.008518	-0.007299	-0.002140	-0.026158	0.034498	0.002576	0.002793	-0.037348	
0.011074	-0.001337	-0.001685	-0.112299	0.003575	-0.044305	-0.406652	-0.043837	-0.099574	0.048459	0.056133	-0.098266	-0.013451	-0.054589	-0.037727	0.130842	0.012915	-0.005463	-0.016043	-0.360726	0.006581	0.005661	-0.075066	-0.021957	0.041267	
0.260850	0.006417	-0.022633	0.002150	-0.024966	0.271405	0.021701	0.099399	0.234536	-0.059000	0.004191	0.087307	-0.137481	-0.068207	-0.164159	-0.135345	-0.388640	-0.091468	0.061516	0.100617	0.017752	-0.011084	0.040259	-0.192483	-0.033043	
-0.031166	-0.033566	0.010507	-0.041107	-0.086464	0.137349	-0.101393	0.031044	-0.081495	-0.089258	-0.243376	-0.149364	-0.184399	0.106689	-0.150061	-0.041579	-0.019653	-0.072662	0.055119	0.072872	-0.108839	-0.196105	0.087888	-0.174922	-0.076497	
0.085578	0.044458	-0.225474	0.037373	0.092759	0.175629	-0.092135	0.212876	-0.021003	0.080264	-0.305140	0.251793	-0.422267	-0.149671	-0.272556	-0.234843	-0.005635	-0.184182	0.149974	0.362115	-0.232515	-0.186687	-0.103332	0.214729	-0.112031	
0.309980	0.110660	0.058944	0.190097	-0.271064	-0.091131	-0.074361	0.236777	0.015329	-0.064557	-0.043731	0.331895	0.318874	0.033702	0.193756	-0.103976	-0.168108	-0.039787	0.259181	0.192877	0.013290	-0.385449	0.105897	-0.338257	0.146528	
-0.016753	0.060511	0.142403	0.083323	0.092003	-0.240249	0.109102	-0.099345	0.056340	-0.011422	-0.065409	0.089786	0.289792	0.129315	0.137300	-0.037531	0.037760	-0.077682	0.049052	-0.153026	0.085752	-0.207774	0.008363	-0.040636	-0.003051	
-0.032164	-0.009130	0.000666	-0.014546	0.022674	-0.007420	0.029317	0.024309	0.025641	0.064865	0.035803	-0.001553	-0.060029	-0.007264	0.031430	0.016331	0.027789	-0.004878	-0.002028	0.066667	-0.023844	-0.003276	-0.012138	0.008275	0.010116	
-0.243649	0.311034	0.124850	0.311008	-0.217632	-0.281095	-0.027706	-0.176952	-0.119310	-0.293405	0.219569	-0.019660	0.044201	0.221775	0.200134	0.141700	-0.050205	0.177528	-0.218615	-0.158774	0.091378	-0.225718	0.240724	-0.275773	-0.073702	
-0.057246	0.032526	0.060985	-0.066447	0.035182	-0.152589	-0.027866	-0.209825	0.133689	0.013259	0.308075	-0.209659	0.148870	-0.057890	0.264838	-0.255690	-0.037228	-0.120399	-0.089832	0.068919	0.092661	-0.054982	0.080814	-0.017375	0.221925	
-0.066427	-0.000744	0.047788	0.088144	0.144783	0.114832	-0.074025	0.009800	0.013715	-0.044415	0.016977	-0.192489	0.112613	0.164295	0.187573	-0.125301	-0.032073	0.091964	-0.002576	-0.080700	0.001493	-0.128085	0.199416	-0.138046	0.070045	
-0.044069	-0.088359	0.198446	0.381586	-0.058680	-0.043402	0.031094	-0.055296	-0.025024	-0.271643	0.267227	0.017826	0.330671	0.114786	0.309103	-0.282170	0.057914	0.067634	-0.300306	-0.332305	0.225136	0.135355	-0.027680	-0.248385	0.023590	
0.074327	-0.001118	-0.194930	0.024534	-0.192888	0.089378	-0.196117	0.228841	0.175467	-0.132156	0.044867	-0.067658	-0.150860	0.211976	-0.008753	-0.030063	-0.043892	-0.138082	-0.206341	0.093219	-0.202836	-0.041327	0.049035	-0.065719	0.062199	
0.006360	0.220327	0.070687	-0.079543	0.084909	0.007000	-0.083269	-0.064214	-0.015304	0.141964	0.051534	-0.141138	-0.029644	0.021541	0.058741	0.123389	-0.043693	0.030161	0.141614	-0.009621	0.079302	0.032939	0.053083	0.016362	0.035851	
-0.048490	-0.251519	0.005326	-0.338892	0.278692	0.296912	-0.104171	-0.314578	-0.006502	-0.014962	0.204002	0.085338	0.221542	-0.111400	0.025686	0.262551	0.079117	-0.075045	0.009324	-0.265611	-0.162665	0.240063	0.147156	0.323166	-0.266299	
-0.007046	-0.003126	0.004144	-0.000697	-0.006314	-0.000589	-0.006410	0.001842	-0.001714	-0.000901	0.000708	-0.000371	-0.019742	0.004341	-0.000949	0.007767	-0.003124	0.008603	0.001093	-0.011404	0.003802	0.001737	-0.001318	0.001668	0.006045	
-0.020479	0.010313	-0.002981	0.017127	0.020486	-0.004123	-0.022391	-0.029768	-0.006715	0.022375	-0.043239	-0.010421	0.028976	-0.003257	-0.002453	0.025180	-0.026503	-0.020982	-0.007326	0.016481	0.042523	-0.016572	0.021010	-0.003455	0.012732	
0.007969	0.017287	0.014240	0.021109	-0.028172	-0.014319	0.041922	-0.064391	-0.003414	-0.013214	-0.002200	0.029714	0.024286	0.035807	0.013393	0.072261	-0.032036	0.088219	-0.001561	0.001791	0.044114	-0.023108	-0.017430	-0.081180	-0.022449	
-0.480657	0.018343	0.003883	0.111433	-0.312279	0.029462	0.400431	0.053876	0.086624	-0.041216	-0.220452	0.107213	0.069328	0.042647	0.030992	-0.100858	0.002143	-0.006144	0.032716	0.351868	-0.009455	-0.015660	0.067633	0.009978	-0.050892	
-0.068007	-0.144316	0.186407	0.065330	0.113054	-0.183297	-0.115732	0.017383	0.100022	0.050316	0.099012	-0.158841	0.336606	-0.035381	0.039358	0.301438	-0.116316	-0.012438	0.060720	-0.172822	-0.071926	0.390683	-0.128431	-0.166957	0.021376	
0.080661	0.083808	0.142512	-0.069694	0.243668	0.058815	0.057994	-0.086437	0.091422	0.010923	-0.110711	-0.050001	0.023368	0.004788	0.061487	-0.115067	-0.135163	0.078338	0.120334	0.002344	0.173971	0.049025	-0.004888	-0.126583	-0.101242	
-0.039550	-0.128096	0.073363	0.195247	-0.077323	-0.271449	0.104763	-0.078975	0.106073	-0.352376	0.058266	-0.184227	0.017860	0.144888	0.090916	-0.128462	-0.005470	0.013158	0.128093	-0.161605	0.185825	0.094159	0.124613	-0.125948	0.353289	
-0.002790	-0.038432	0.000065	-0.039999	-0.080170	-0.040234	0.015707	0.023907	-0.007545	0.005080	-0.040590	0.026450	-0.031812	0.006120	-0.025176	0.021531	-0.012518	-0.011084	0.053693	0.073716	-0.002813	0.053612	-0.011714	0.008937	0.020745	
0.004127	0.000683	-0.011894	-0.006753	0.005729	0.023938	-0.007202	-0.019676	0.006602	0.016023	-0.006018	-0.000338	-0.002093	-0.003290	-0.011300	0.002250	0.014002	-0.002952	0.002486	0.003569	0.001793	0.001768	0.001395	-0.008992	0.004206	
-0.002523	-0.004247	0.002257	-0.007184	0.002329	-0.005431	0.006731	-0.004936	0.003271	0.002048	0.000805	-0.003988	0.004212	0.007904	0.000745	0.001977	0.006321	-0.004626	-0.000809	-0.011367	0.002176	-0.001114	-0.003348	-0.001823	0.008647	
0.044798	0.067093	0.037338	0.008037	0.027405	-0.124636	-0.074472	-0.029496	-0.024028	-0.004377	0.022287	-0.070969	0.034675	0.068356	0.146872	0.217488	-0.135702	0.085406	0.087215	0.178823	0.060877	-0.055306	0.147457	-0.222565	0.026796	
-0.115791	0.279293	-0.049008	-0.092252	0.042360	-0.370835	0.362162	0.027778	-0.145667	-0.005109	0.372635	-0.176606	0.080092	-0.100210	0.220757	-0.116825	-0.026716	-0.132446	-0.175238	-0.227130	0.150587	-0.148463	-0.170250	-0.335004	0.251204	
-0.048651	-0.062885	-0.123597	0.184829	-0.181786	-0.219745	0.269710	-0.254737	0.090562	0.243488	0.081727	-0.114517	0.135734	-0.083160	0.113025	-0.182089	-0.055601	-0.147633	-0.150020	-0.038100	0.076534	-0.283047	-0.159337	-0.213428	0.034580	
0.055896	0.084845	0.067872	0.383909	0.014759	-0.237081	0.273470	-0.040845	0.063965	-0.406104	-0.002127	0.142584	0.175363	0.014171	0.386390	-0.033016	0.006523	0.124387	0.038208	-0.293713	-0.066796	-0.076860	0.024298	-0.088992	0.366354	
-0.251986	0.015870	-0.030852	0.292548	-0.300061	0.010298	0.010711	-0.112840	0.275680	-0.325920	0.018692	-0.165512	0.266242	0.265880	0.279176	0.172666	-0.085687	0.140660	-0.160088	-0.180156	0.034013	-0.187364	0.286199	-0.279397	0.047984	
-0.116723	0.110197	0.074469	-0.026780	0.002035	-0.015199	-0.207709	0.026932	0.147304	0.167021	-0.021572	0.065816	0.109742	-0.157723	-0.045736	0.097039	-0.170683	0.286388	-0.054225	-0.037784	-0.108980	0.025410	-0.122299	0.257931	0.154903	
0.046276	0.067366	0.153706	-0.256992	0.227672	-0.008225	-0.012260	0.112970	-0.085793	0.200834	-0.050730	0.073669	-0.187488	0.010101	-0.012863	-0.093770	0.013004	-0.003456	0.010466	0.188290	0.007023	0.164140	-0.044462	0.338530	0.000932	
0.103323	0.106741	0.162074	0.221279	0.047247	-0.092830	0.068726	-0.113302	-0.304946	0.222123	0.371427	-0.169519	0.164636	-0.061754	0.280654	0.062758	-0.161613	0.282972	-0.182205	-0.321455	0.362438	0.115416	-0.222837	-0.047407	-0.105285	
-0.020938	0.004514	-0.012280	-0.005129	0.015849	-0.031896	0.011061	0.012783	0.001171	0.028332	0.005132	0.020891	-0.011712	0.021952	-0.022987	0.004941	0.028578	0.017599	0.010318	0.015263	0.004121	-0.014305	0.019625	0.017458	0.008809	
0.011833	-0.017112	0.005910	-0.008105	-0.023343	0.021880	-0.015975	-0.022848	0.002401	-0.032854	0.002071	-0.012832	-0.001335	0.012283	0.036443	-0.012223	-0.026195	-0.030341	-0.031978	-0.006419	-0.022734	0.014059	0.005633	-0.010361	0.012150	
-0.020822	-0.076022	-0.015928	0.179924	-0.000243	0.036959	0.132929	-0.183005	-0.113751	-0.150718	0.111110	-0.095163	0.141087	-0.053830	0.032034	0.072141	0.032596	0.140752	-0.021650	-0.230483	0.200809	0.404272	0.039126	-0.065548	0.009430	
-0.004402	-0.006946	-0.317398	-0.220964	0.104936	0.172127	-0.011846	0.265643	0.209634	-0.265499	0.020080	0.077769	-0.059637	0.239718	-0.121660	-0.256354	-0.337160	-0.015816	0.183070	0.300643	-0.036582	-0.320392	0.314491	-0.163658	-0.095325	
-0.038839	0.045402	-0.053519	-0.179525	0.116027	-0.223997	-0.111778	0.150643	0.065273	-0.117970	-0.084640	-0.176080	0.164052	0.105611	0.259586	-0.046150	0.028766	0.232044	0.221519	0.213776	-0.105602	0.133723	-0.305063	-0.055777	0.061240	
-0.000138	0.003674	-0.031190	-0.000580	-0.005931	-0.002207	-0.007173	-0.027574	0.002696	0.009445	-0.009837	0.016428	0.006534	0.006646	-0.046618	0.000004	-0.001682	0.017884	-0.014161	0.001109	0.015333	0.001038	-0.023843	0.021130	-0.003912	
0.007536	0.313371	-0.007045	-0.099130	0.242149	-0.243556	0.022477	0.293617	0.000356	0.237077	0.178896	-0.019782	0.171017	-0.100243	0.081328	0.036891	0.072468	0.284692	0.269006	0.050985	0.186148	-0.039777	-0.071291	-0.060347	0.133002	
0.041454	0.038902	0.027547	0.087244	0.021629	0.021878	0.025301	-0.061751	-0.007196	0.054480	0.027396	0.017769	0.046111	0.002832	-0.035610	0.017604	0.011519	0.035621	-0.034672	-0.054938	0.045783	0.118600	-0.131076	0.041507	-0.019081	
0.167630	-0.080222	0.064695	-0.252962	0.160828	-0.069061	-0.072156	0.163549	-0.182263	0.167005	0.141434	0.005477	0.072341	-0.257873	-0.022488	0.159043	-0.177942	0.015580	0.158082	0.129930	-0.028419	-0.071430	-0.450213	0.067486	0.032974	
0.068429	0.065681	-0.026082	0.005837	0.081763	-0.281960	0.124435	-0.042134	0.095881	-0.222403	-0.156477	-0.310153	0.227419	-0.055221	0.167200	-0.093156	0.115206	-0.189380	0.085378	-0.315259	-0.021611	0.019620	0.388803	-0.333988	0.078932	
-0.155569	-0.114697	0.178910	-0.024446	-0.116592	-0.062854	0.093386	-0.058984	0.095047	-0.293916	0.017122	-0.078602	0.068277	0.094717	0.236529	-0.211053	0.073955	0.043317	0.049772	-0.061673	0.137719	0.079157	-0.110893	-0.137265	0.063683	
-0.049639	-0.055862	-0.144425	0.276519	-0.169002	0.076605	0.141679	-0.212303	-0.123321	-0.209913	-0.180958	-0.215968	0.011804	0.390311	0.019447	-0.009774	0.040139	-0.049684	-0.085584	-0.139705	-0.033552	-0.013791	-0.052019	-0.284023	-0.001638	
-0.079345	-0.065283	0.038191	0.228010	-0.089043	-0.078628	-0.111126	-0.003099	0.037202	-0.105013	-0.006583	0.031266	0.107500	0.018572	-0.034899	-0.158196	0.005327	-0.002951	-0.190922	-0.161605	-0.063482	-0.023157	-0.218170	-0.185983	-0.079813	
0.018685	-0.003901	0.009435	-0.001935	0.002468	0.004027	0.000395	0.003025	0.008159	0.001475	-0.003609	0.004011	0.001655	0.009398	-0.004767	-0.012028	0.001254	0.002904	0.006417	-0.006103	0.011503	0.008259	-0.001302	-0.003133	0.007901	
-0.031626	0.290174	0.079424	0.095368	0.064486	0.050467	0.207237	-0.209434	-0.055604	0.077811	0.239567	-0.257269	0.100386	0.095670	0.395667	-0.109889	0.197316	0.136155	0.077103	-0.113270	0.199654	-0.243095	-0.104619	-0.245332	0.265494	
-0.082248	0.076257	-0.152551	0.035537	-0.092671	-0.050459	-0.096970	-0.182190	-0.022651	0.015553	0.225314	-0.238802	0.237197	-0.026321	0.217781	-0.343819	-0.204285	-0.168820	-0.360339	-0.257790	-0.122782	0.020092	-0.090991	-0.010029	0.228586	
0.034305	0.005411	0.001920	0.014998	-0.009814	0.012069	-0.024538	-0.013303	-0.001879	-0.062582	-0.032520	-0.011122	0.061918	0.018994	-0.040036	-0.024600	-0.039349	0.005131	-0.001019	-0.062658	0.012222	0.001405	0.011844	-0.002520	-0.010244	
0.119837	-0.010471	-0.093575	-0.150974	0.021362	0.045651	-0.097735	0.020779	-0.025952	0.168775	0.029736	0.212684	-0.045737	-0.126131	-0.071835	-0.060173	0.012117	0.249866	-0.018872	0.098926	0.058206	-0.071071	-0.242080	0.185626	-0.272888	
0.013708	0.063008	0.025611	0.030631	0.210158	0.014270	-0.003579	-0.062377	-0.025698	0.029403	0.077198	0.016509	0.060311	-0.028329	0.014311	-0.033062	-0.002210	-0.021129	-0.005688	-0.055148	0.015211	-0.019308	0.075350	0.038016	0.001096	
-0.009334	-0.008367	-0.083656	0.058483	0.034738	-0.034038	0.176360	-0.002225	-0.043987	0.126655	-0.000698	-0.204094	0.154485	-0.228997	0.257844	-0.330402	-0.142372	-0.114640	-0.165838	-0.326627	0.444179	-0.069778	-0.070514	-0.243824	0.212509	
-0.027225	-0.033556	0.058869	0.048748	0.168206	-0.010827	0.066374	-0.135943	-0.119927	0.050347	0.053709	-0.080071	-0.026936	-0.095871	0.003001	0.123892	0.066533	0.159801	-0.010793	-0.068662	0.130832	0.011310	-0.025684	0.097479	-0.010512	
-0.122442	0.185782	-0.054033	0.235805	-0.003705	-0.105503	0.028099	-0.089482	-0.109041	-0.044738	-0.015600	-0.217904	0.002866	0.079797	0.024180	0.037320	-0.083572	0.140630	-0.037515	-0.065451	0.286635	-0.210439	0.062380	-0.121739	0.125145	
0.283115	-0.052241	-0.041543	-0.122164	-0.243932	0.006710	0.056409	0.169753	0.086482	-0.088635	0.011673	-0.199976	0.393068	0.194806	0.011998	0.257730	0.281355	-0.307489	0.326568	0.141670	0.063372	-0.177909	-0.329099	-0.012888	0.220593	
-0.109927	-0.124833	0.018168	0.131245	-0.103544	-0.094586	0.062383	-0.149968	-0.031630	-0.039399	0.220717	-0.040831	-0.037890	0.028911	0.016090	-0.054152	-0.030098	0.046306	-0.091210	-0.081887	0.104759	-0.130585	-0.045301	-0.076207	0.118461	
0.025418	0.171473	0.011640	0.327158	-0.324386	-0.301164	0.059721	0.270884	0.001166	0.025093	0.275363	-0.117321	-0.237166	0.099380	-0.029047	-0.249232	-0.073684	0.208646	0.187463	0.119138	0.218881	-0.237809	-0.105986	-0.300262	0.242743	
-0.131195	0.201655	0.226175	0.307269	0.068952	-0.220307	0.144778	-0.173205	-0.216975	-0.092959	-0.032696	-0.210381	0.115150	-0.309305	0.101736	0.134246	0.288882	0.086930	-0.048118	-0.127489	-0.091238	0.178513	-0.206857	0.226054	0.050653	
0.027726	-0.016633	0.001780	0.025693	-0.013510	-0.015408	-0.009120	0.022940	-0.034298	0.005982	0.014002	0.033664	-0.020736	0.015478	-0.011344	0.004930	0.005206	-0.028647	0.003243	0.012434	0.003089	-0.028442	-0.004396	-0.005271	-0.046783	
0.009121	-0.018639	0.137070	0.213464	0.020304	0.056703	0.026462	-0.033790	0.012294	0.010717	0.024431	-0.180507	-0.045965	-0.067674	0.063852	0.018188	0.022854	0.011030	-0.060339	-0.026312	-0.110637	-0.009269	-0.520665	0.061064	-0.036625	
0.059046	0.141354	-0.060279	0.109540	0.085863	0.021736	0.071800	0.093926	-0.025166	-0.005309	0.021186	-0.018140	0.003036	0.149949	0.029590	0.022911	0.049119	0.125512	-0.031019	-0.005165	0.019550	0.037487	-0.038372	-0.023590	0.029036	
0.145930	-0.015518	-0.215917	-0.111732	0.005514	0.280317	-0.162285	0.096275	0.154959	-0.114486	0.304245	0.114545	0.160077	0.192212	0.060948	-0.163453	-0.398442	0.288728	-0.034354	-0.007154	0.309457	-0.280837	-0.074016	-0.283158	-0.230029	
-0.016818	-0.044373	-0.251819	0.097519	-0.122698	0.086301	-0.099235	0.056694	-0.047920	-0.010078	0.083941	-0.030944	-0.141133	-0.067300	-0.089979	-0.188577	-0.247141	-0.028545	-0.194961	-0.269388	0.106486	-0.089389	0.055062	-0.119857	-0.071425	
0.129910	0.086039	0.151712	0.112425	-0.089017	-0.124594	-0.084038	-0.174289	-0.224196	0.112812	0.348956	-0.060227	0.198938	-0.069023	0.234613	-0.230319	-0.057684	0.361757	-0.221383	-0.333650	0.297056	0.141921	-0.307596	-0.179187	-0.079649	
0.129648	0.443133	-0.059727	-0.095081	-0.138512	-0.080152	-0.174069	-0.080898	-0.343140	0.203615	-0.056670	-0.135303	0.140171	-0.002526	0.286093	-0.006943	0.025890	0.392264	0.003588	-0.195468	0.092722	-0.245880	-0.127585	-0.384598	-0.011985	
0.228874	0.109077	-0.135244	-0.189420	-0.062081	0.067360	-0.102708	0.115695	-0.172501	0.134190	-0.047191	-0.027364	-0.228438	-0.066531	0.010974	-0.050387	-0.148046	0.101633	-0.025732	-0.038046	-0.004938	-0.024639	-0.299962	-0.140440	-0.043753	
0.145997	-0.007833	-0.215346	0.037409	-0.237811	0.049833	-0.045639	-0.107929	-0.060707	0.031094	-0.011719	-0.130737	-0.117730	-0.020471	-0.074678	-0.069813	-0.224736	0.204418	-0.249946	-0.309921	0.235653	-0.255184	-0.124285	-0.142434	-0.121690	
0.225474	0.080360	-0.099132	-0.179916	-0.090249	0.062782	-0.043814	0.060288	-0.147462	0.121457	-0.031243	-0.036973	-0.187701	-0.050545	-0.032514	-0.330543	-0.159198	0.161501	-0.028890	-0.268232	0.005267	-0.027327	-0.328141	-0.120958	-0.075133	
0.254597	0.114200	-0.199985	-0.230352	-0.125219	0.049310	-0.264309	0.402919	-0.274254	0.053095	-0.010983	-0.042397	-0.267590	-0.000060	0.084758	-0.121458	-0.193595	0.200248	-0.099232	-0.028294	-0.061303	-0.056765	-0.251989	-0.095648	-0.089359	
-0.007111	0.031347	-0.123991	-0.051558	-0.155476	0.057636	-0.143513	0.034914	0.036519	0.122247	-0.050154	0.018618	-0.147015	-0.125380	-0.029179	-0.079551	-0.175088	0.101220	0.181744	0.065071	0.066541	-0.051469	-0.209111	-0.010895	-0.131415	
-0.250786	0.045752	0.086651	0.214171	0.020983	0.153378	-0.263715	0.383601	0.321949	0.193399	-0.173075	-0.265458	0.044616	0.081575	0.078553	0.201683	-0.099935	-0.062379	0.277870	0.254776	-0.076740	0.266594	-0.223460	0.141845	0.006644	
-0.104043	0.074717	-0.093321	0.172596	-0.089248	-0.092036	-0.140814	-0.031777	0.109338	-0.108868	0.172106	-0.113619	0.099923	0.174339	0.035028	-0.001672	-0.001693	-0.009818	-0.137898	-0.035313	0.051534	-0.231507	0.041621	-0.165531	0.036917	
-0.357944	0.091287	-0.005460	0.207011	0.119570	-0.092143	-0.139498	0.024690	0.011571	-0.242567	0.185086	-0.278853	0.263657	0.299535	0.233643	-0.002181	0.042322	0.243293	-0.224177	-0.028579	0.128254	-0.168645	0.253004	-0.238922	0.247632	
0.024565	0.008853	-0.037275	-0.282940	0.172574	-0.016507	0.003437	0.200416	-0.099100	0.334685	-0.101588	0.087710	-0.122874	-0.188187	0.017491	-0.113749	-0.006539	-0.071511	0.140296	-0.109129	0.006435	0.207293	-0.066463	0.255627	-0.034247	
0.025404	-0.210815	0.125370	0.035404	-0.057326	-0.004478	0.020630	-0.146057	0.147726	-0.039496	-0.030665	-0.152349	0.020563	0.286001	0.299430	0.069828	0.070583	0.149736	-0.021037	-0.169578	0.066770	0.037318	0.183611	-0.129354	0.038603	
0.001016	0.004228	-0.012636	-0.013801	-0.019793	0.015408	0.029416	0.031953	-0.037356	-0.037404	0.011488	0.008357	-0.065286	-0.015152	0.034795	-0.010328	-0.010623	-0.002175	-0.060838	0.038281	-0.003351	0.019418	-0.003153	-0.005065	-0.039827	
0.004104	-0.115307	-0.058815	0.051210	0.011548	-0.138514	-0.006094	-0.059631	0.033223	-0.061194	-0.071654	-0.063054	0.023259	-0.013436	-0.045739	-0.051039	-0.018792	0.022999	0.015359	-0.000746	-0.044848	0.013289	-0.008225	-0.022931	-0.026135	
0.005337	-0.023195	0.113511	0.024013	0.317534	-0.005076	-0.004550	-0.418778	0.008634	-0.071123	0.117700	0.023351	-0.046504	-0.019456	0.105748	-0.067726	0.094416	0.026556	-0.022265	-0.136387	0.086966	0.093352	-0.194303	0.020509	-0.097319	
-0.104872	0.281545	0.291247	-0.267594	0.350325	-0.251804	-0.019756	0.230859	0.334376	0.195746	-0.258162	0.229691	-0.104379	0.108109	0.027049	0.113813	-0.066558	0.002696	-0.224828	0.166773	-0.177307	-0.211475	0.027514	0.122625	0.181479	
0.009104	-0.076926	-0.039899	0.182904	0.089324	-0.257286	-0.222529	-0.071049	0.360393	-0.043654	-0.105820	0.049693	0.072718	-0.077903	-0.116213	-0.009220	0.194071	-0.099986	0.052677	-0.034512	0.074150	0.194121	-0.001195	-0.146030	0.096500	
0.005488	0.053142	-0.061158	0.214176	-0.235065	0.022452	-0.047750	-0.102581	-0.201762	0.021808	-0.119998	-0.176714	-0.040453	-0.229222	0.074977	0.122156	0.034315	0.030187	-0.196576	-0.024906	-0.286055	-0.067839	-0.085464	0.017132	0.112320	
-0.024785	-0.034169	-0.002586	0.084626	-0.028684	0.024199	0.002152	-0.021349	0.028176	-0.028585	-0.108410	-0.029095	0.010083	0.003772	0.005032	0.005774	0.104747	-0.001989	-0.070676	-0.017246	-0.009109	0.040270	0.082111	-0.027970	0.031292	
-0.044417	0.246713	-0.106200	0.137113	-0.138861	-0.196012	-0.072024	-0.183946	0.069257	0.042926	-0.085786	0.108857	0.240201	0.166598	0.255248	-0.189857	0.169190	0.176833	-0.121333	-0.106837	0.314853	-0.273150	0.076636	-0.165527	0.007120	
-0.077846	-0.321256	-0.106774	0.006760	0.092217	0.414780	-0.156975	-0.080410	0.131659	0.003762	-0.113745	0.029155	0.098202	-0.003109	0.019486	0.363337	0.067332	-0.111380	-0.237552	-0.297381	-0.180386	-0.079016	0.203072	0.040950	-0.084198	
0.124285	0.045799	0.115898	-0.011947	0.087796	0.020208	-0.012114	-0.045877	-0.106848	-0.042553	-0.053162	-0.041490	-0.004715	-0.240675	0.013504	-0.000855	0.035335	-0.005900	0.061696	0.028745	0.055881	0.047983	0.065813	-0.070509	0.014147	
-0.120467	0.214947	-0.243266	0.132028	-0.196043	-0.038802	0.051172	-0.115133	0.025711	-0.105622	-0.150738	-0.104746	0.130790	-0.003909	0.095901	0.014059	-0.111567	0.112435	0.015983	0.094662	-0.002691	-0.098906	-0.173355	-0.013580	0.101869	
0.029706	0.317339	0.238396	0.325549	-0.267189	-0.167167	0.099581	-0.166170	0.016200	-0.071071	0.023359	-0.277528	-0.074877	0.140472	0.255963	0.075486	-0.214736	-0.010892	-0.159670	-0.077162	-0.025923	-0.182264	0.227157	-0.077842	0.063339	
0.014350	0.009996	0.454723	0.014140	0.120710	-0.168436	-0.004630	0.024371	-0.063292	-0.036647	0.156639	0.129570	0.185430	-0.025305	0.334155	-0.290497	0.101999	0.305477	-0.015828	-0.077916	0.155507	0.404486	-0.392776	-0.082503	0.015500	
0.005559	-0.015036	-0.009820	0.467284	-0.033155	-0.100800	0.343512	-0.034919	-0.009940	-0.011283	-0.340969	-0.265109	-0.004098	-0.020720	0.085158	-0.004657	0.127843	-0.357234	0.324203	-0.001680	-0.002180	-0.182247	-0.168541	-0.260295	-0.001141	
0.050754	-0.034612	-0.063666	-0.024446	0.071707	0.011704	-0.165871	0.010211	-0.015468	0.189335	0.028908	0.093013	0.353477	-0.081992	0.201570	0.025517	-0.279406	-0.159581	0.158277	-0.024015	0.065835	0.122271	-0.159901	0.081029	0.144155	
-0.006577	0.018839	0.013369	-0.007736	0.004889	0.017445	-0.007207	0.037206	0.012283	-0.025901	0.012512	0.001130	-0.032300	0.010723	0.034418	-0.007044	-0.020197	-0.029657	0.002773	0.004766	-0.004747	-0.006961	0.025260	-0.007560	-0.001338	
0.016453	-0.058856	0.249382	-0.065364	-0.068018	0.062617	-0.009684	0.004785	-0.037175	-0.156231	0.056665	0.018861	0.130151	0.061903	0.156813	0.029351	-0.170077	0.068281	0.056944	0.018472	-0.095988	0.013427	-0.090518	-0.052490	0.090496	
0.047675	0.052696	0.319034	0.071932	0.013777	-0.205684	-0.022428	0.030222	-0.141590	0.025092	0.227336	0.063488	0.208234	0.010817	0.357223	-0.304504	0.144192	0.251762	0.055879	-0.262532	0.224825	0.332246	-0.348909	-0.221939	0.003442	
-0.001266	-0.001043	-0.004488	0.015331	0.003851	0.001492	-0.003543	-0.010514	0.009113	0.199760	0.001714	0.008737	-0.005668	0.007907	0.003922	-0.005143	0.003267	-0.004704	0.003976	-0.008537	0.005027	-0.007865	0.000779	-0.010299	0.000561	
-0.156603	-0.116835	0.081460	0.143984	-0.035055	-0.004699	0.161298	-0.156484	-0.020207	-0.124289	0.026045	-0.085503	0.093500	0.107880	0.004986	0.063293	0.140724	-0.163064	-0.004958	-0.245049	-0.073673	0.025712	0.236797	-0.155511	0.115012	
-0.012690	0.006826	-0.007569	-0.007239	0.038731	-0.008576	0.027631	0.002734	0.007449	0.028993	-0.001902	-0.003552	-0.003773	-0.006623	-0.023300	-0.011818	-0.005758	-0.000414	-0.000265	-0.003736	-0.004961	-0.004516	0.013309	-0.009648	-0.004280	
0.205779	0.068946	0.150147	0.018727	-0.335294	-0.373325	0.042853	0.371397	0.069766	0.082358	0.038490	-0.005007	0.283197	0.015798	0.178426	-0.187421	-0.207593	0.102179	-0.134012	0.198766	-0.182366	0.066046	0.004518	0.111267	-0.021384	
0.336423	-0.019909	-0.144326	0.154935	-0.249644	0.138824	0.082555	0.267387	-0.335948	0.222524	-0.204099	0.014497	-0.069675	-0.084339	-0.015417	0.205492	0.352685	-0.013478	-0.108148	-0.119372	-0.098844	0.331719	-0.298347	-0.061551	0.244714	
-0.088295	0.258701	0.137289	-0.040357	-0.144646	-0.068039	-0.236447	-0.040124	-0.177532	0.061538	0.264316	0.025959	-0.195487	0.171130	-0.382977	0.195324	0.022103	-0.057174	-0.022665	-0.000299	0.218636	0.151265	-0.015428	-0.209443	-0.154068	
-0.062094	0.095175	-0.104650	-0.384203	-0.070573	0.056207	0.001684	0.096082	0.033957	0.190595	0.242579	-0.160792	0.185455	-0.050715	-0.033162	0.045319	-0.174497	-0.119435	-0.167901	0.010933	0.146263	-0.198893	-0.126336	-0.248378	-0.057465	
-0.006699	-0.026953	0.115222	-0.286374	0.055355	0.058761	-0.017028	-0.073063	-0.147388	0.084859	-0.224712	0.108108	0.115636	-0.177292	-0.123592	0.002359	0.123835	-0.161555	0.076211	0.114277	-0.091072	0.176038	-0.107955	0.251660	-0.130642	
0.069622	0.013484	0.192633	0.037066	-0.401034	-0.067131	-0.002319	0.068893	-0.153442	0.141043	0.083845	-0.132730	0.244995	-0.156693	-0.060457	-0.237723	-0.017653	-0.045293	0.134479	-0.008087	-0.085307	-0.111415	0.113122	0.016269	0.029816	
0.014434	-0.002564	-0.000487	0.006434	0.047686	-0.014567	0.012141	0.002580	0.004956	0.005618	-0.007378	0.003449	-0.005385	0.016449	0.004903	-0.000607	0.003701	-0.001943	0.028199	0.010476	0.016084	-0.006115	-0.004044	0.003038	0.012628	
0.001064	0.108797	0.144215	0.165797	-0.089344	0.017417	-0.179653	-0.300630	0.257702	0.028195	0.369967	0.283067	0.197530	-0.064991	0.164082	-0.155397	0.281050	0.306419	-0.054582	-0.145915	0.255459	-0.004829	-0.355540	-0.042914	-0.197704	
-0.059024	0.003969	0.010626	0.003607	-0.002629	0.006336	-0.012349	0.015887	-0.019138	-0.192420	-0.005517	-0.007329	-0.009411	-0.001737	-0.001622	0.008398	-0.019840	0.001383	0.000407	0.010084	0.009798	0.008815	0.007795	0.022032	-0.001437	
-0.012149	-0.027125	-0.113418	-0.051681	-0.091984	0.027457	-0.018608	0.042729	-0.039272	-0.137391	-0.055115	0.058449	-0.142628	0.062936	-0.077626	-0.038276	-0.058666	-0.063776	0.016865	0.051509	-0.068964	-0.097657	0.147079	-0.044999	-0.028434	
0.050635	-0.079795	-0.041149	-0.117011	0.042612	0.058303	-0.125927	-0.124669	-0.134669	0.290824	0.184654	0.159196	0.422934	-0.050371	0.264294	0.053684	-0.275846	-0.203932	0.235698	0.012994	0.140504	0.281318	-0.243320	0.157522	0.140821	
-0.086787	-0.043636	0.045685	0.054507	0.053080	-0.082376	-0.042574	-0.043146	0.193504	0.024579	-0.037678	0.102194	-0.007534	0.032452	0.054961	0.042236	0.009340	-0.017583	0.103275	0.035318	0.051534	-0.076837	-0.073977	-0.043951	-0.033252	
-0.070222	-0.024448	-0.022428	0.053202	-0.160255	0.055076	0.027590	-0.035011	0.181232	-0.032673	-0.034623	0.032611	-0.058991	-0.087057	-0.021979	0.002934	0.004505	-0.011950	-0.100352	-0.120907	-0.011112	-0.098187	-0.205364	0.029062	-0.061349	
0.035294	0.067848	-0.015698	0.151073	0.098296	-0.074915	0.022618	-0.220290	-0.120859	0.151332	0.368698	0.032664	0.469192	-0.045638	0.016732	0.310352	0.002162	0.074972	-0.151784	0.215012	0.311766	0.134801	0.096635	-0.101249	0.020468	
0.069476	0.393817	0.139499	-0.007318	0.234537	-0.058131	-0.010231	0.017664	0.025054	0.003267	-0.018891	-0.063521	0.154555	-0.166643	0.077976	-0.084986	0.053471	-0.058765	0.276469	0.188440	0.141730	0.042827	-0.128020	-0.053975	0.078657	
0.262540	0.116934	-0.111311	-0.203670	-0.049104	0.024558	-0.108193	0.118688	-0.159234	0.160767	-0.027086	-0.033780	-0.207895	-0.062628	-0.008806	-0.059006	-0.135415	0.115643	-0.005816	-0.023055	0.002206	-0.006603	-0.270145	-0.128685	-0.055121	
0.125806	0.095829	-0.041594	-0.287475	-0.024094	0.107237	-0.112865	0.048798	-0.109323	0.041782	-0.070933	0.027906	-0.085441	-0.116040	-0.090470	0.039886	-0.247560	0.257807	-0.086503	-0.065381	-0.055490	-0.136432	-0.250841	-0.029998	-0.177924	
0.067875	0.183310	-0.226314	-0.182419	-0.250795	-0.156446	-0.202781	-0.086271	-0.138686	-0.023027	-0.119149	0.061887	0.054063	-0.018219	-0.029781	0.099405	-0.260155	0.278059	-0.154856	-0.135421	0.033956	-0.128862	0.020628	-0.013711	0.046590	
0.000399	0.140967	0.024733	0.153008	-0.003589	-0.016704	0.206249	-0.087886	0.257141	-0.152478	-0.044234	-0.192237	0.085862	0.163910	-0.086449	0.134827	-0.162902	0.060001	-0.037632	-0.047180	0.048682	0.099626	0.105987	-0.238867	0.056993	
0.014713	-0.032146	0.203764	0.142449	0.324056	-0.099234	0.099738	-0.199435	-0.335456	0.348349	0.244453	0.099294	0.230452	-0.180246	0.028231	-0.087388	0.121559	0.039667	0.046963	-0.069708	0.354267	0.343354	-0.285367	0.134858	0.075962	
0.079149	0.075877	-0.077545	-0.042406	0.024912	-0.103885	-0.115261	0.002435	-0.019384	0.080631	0.054846	0.048059	0.071739	-0.017036	-0.017118	-0.055961	0.098767	0.199344	-0.081885	0.032977	0.165419	-0.059357	-0.063579	-0.108772	0.059725	
0.069017	0.067208	-0.135213	0.094719	-0.100759	0.147221	-0.148618	-0.209601	0.176871	0.006178	0.156255	-0.058779	0.136362	-0.035267	-0.071248	-0.129316	0.019300	-0.107632	-0.328670	0.202661	-0.032468	-0.335505	-0.120350	-0.158364	-0.159605	
-0.061872	-0.013635	0.020136	-0.056615	-0.044219	-0.005425	0.118948	-0.010713	0.122481	-0.145324	0.007336	0.020228	0.125735	0.134259	0.128161	-0.076367	0.052608	-0.043029	-0.109467	-0.101093	0.036368	-0.002930	0.029066	-0.100983	0.089028	
0.172606	0.045911	0.398284	0.232532	0.127164	-0.078285	0.137617	-0.283740	-0.161240	0.321978	0.175226	0.074562	0.393592	0.062775	0.013100	0.108144	0.035555	0.126951	0.272033	-0.137197	0.235128	0.154816	-0.234256	-0.139448	0.182141	
0.058380	-0.132186	0.130258	-0.014647	0.126541	-0.052260	0.048396	-0.089310	0.000305	-0.005309	0.139830	-0.043609	0.160862	0.093152	0.125095	0.109093	0.099651	0.060638	0.094745	-0.039379	0.136769	0.060333	-0.124002	-0.069353	0.063382	
-0.043653	-0.033257	-0.056523	0.009767	-0.012549	-0.040156	-0.018588	0.020293	-0.018452	-0.062042	-0.080781	0.033099	-0.001601	-0.021817	-0.000806	-0.026439	0.002203	-0.010389	-0.148764	0.045253	0.006238	0.075733	-0.050265	-0.014281	0.044990	
0.002561	0.003285	0.005828	0.008930	-0.002953	0.009816	0.020472	-0.000249	-0.003697	-0.005360	0.013490	-0.002858	0.007753	-0.009192	-0.000160	0.001259	0.017854	0.002869	0.006875	-0.004768	-0.003047	0.005449	0.021973	-0.004373	0.004154	
0.053419	0.088718	-0.110202	-0.059734	-0.046290	-0.082606	-0.017387	-0.122916	-0.036285	0.003790	0.155561	-0.021548	0.137871	-0.039679	0.147409	0.023316	-0.046897	-0.037613	0.072317	-0.026286	-0.019788	0.050250	-0.008418	0.070822	-0.006236	
0.015821	0.005968	-0.058040	-0.004581	-0.090361	0.108317	0.076571	0.113991	-0.086399	0.041900	0.121413	0.150454	-0.101550	-0.057104	-0.063636	0.035735	0.301051	0.075967	0.103844	-0.054289	0.049778	0.004094	0.206787	0.231390	0.295486	
-0.043296	-0.035111	0.020064	0.073511	-0.001181	-0.022900	0.028057	-0.000666	0.010373	-0.031883	0.019277	-0.060849	0.077931	-0.069405	0.049898	0.117324	0.024530	0.014147	0.055047	-0.023937	0.090705	0.091602	0.022880	0.087124	-0.022397	
0.223986	-0.333326	-0.218633	-0.359499	0.199742	0.310827	-0.003563	0.257869	0.009491	0.074230	-0.233409	0.019495	-0.017397	-0.188613	-0.093317	-0.086856	0.022446	-0.158894	0.216280	0.001463	-0.125782	0.173427	-0.359741	0.308970	0.000953	
-0.036657	-0.258651	-0.051714	-0.355600	0.309233	0.297719	-0.052661	-0.228388	0.015809	-0.027547	-0.205036	0.075407	0.195779	-0.091132	0.051995	0.270488	0.279748	-0.245526	-0.182333	-0.094556	-0.232601	0.073608	0.083124	0.247658	-0.240166	
0.008546	-0.007975	-0.014193	0.020742	-0.004416	-0.001954	0.018065	-0.001418	0.015631	0.019973	0.003310	0.007294	-0.048852	-0.000045	0.012274	0.039008	-0.069377	-0.004152	-0.011375	0.014121	0.004447	0.005381	0.003633	0.002108	0.002108	
0.168090	-0.117403	-0.053548	-0.151335	-0.108932	-0.175584	-0.276798	0.068116	0.013349	0.054016	0.164989	0.000702	-0.013746	0.101712	0.223811	-0.251408	0.058172	0.244831	-0.118059	-0.104545	-0.058561	-0.119989	0.104163	-0.019371	0.031823	
0.078174	-0.255188	-0.140542	0.057304	0.153826	0.051089	0.237213	0.042553	0.177307	-0.080787	-0.289626	-0.014406	0.202057	-0.162607	0.358583	-0.231888	-0.041223	0.054991	0.007467	0.014269	-0.213707	-0.153161	-0.006717	0.202963	0.158885	
-0.141968	-0.008853	-0.084615	0.119946	-0.033818	-0.003596	-0.029438	0.021720	0.107474	0.001366	-0.120897	-0.041004	0.040768	0.016344	0.034026	-0.081594	0.023134	0.044150	0.021079	-0.093990	0.074498	-0.090756	0.003022	0.120212	0.007504	
-0.101453	0.188282	-0.062783	0.052049	-0.264762	-0.085829	-0.028774	0.214869	-0.204083	-0.101427	0.122304	-0.160522	-0.231246	0.101277	0.079799	-0.124342	0.045768	0.202997	-0.026625	-0.189562	-0.071083	-0.088699	0.072080	-0.046012	-0.046333	
0.158343	0.000190	-0.188508	0.044478	-0.203132	0.051155	0.006544	-0.090099	-0.064604	-0.076231	0.028193	-0.092531	-0.095691	-0.024531	-0.082137	-0.077670	-0.214988	0.194723	-0.253624	-0.338033	0.163546	-0.219012	-0.085618	-0.144221	-0.135679	
0.138149	0.080347	0.152930	0.147859	-0.097992	-0.132468	-0.079730	-0.170126	-0.257446	-0.091635	0.329499	-0.012565	0.200809	-0.046853	0.242119	0.153954	-0.067387	0.328568	-0.290021	-0.339939	0.290259	0.106417	-0.287612	-0.219880	-0.140363	
0.046072	0.047535	-0.001591	-0.043511	-0.008499	-0.063481	0.031487	-0.013312	-0.010720	-0.007532	0.013514	-0.009718	0.064807	-0.088780	-0.021275	-0.010586	-0.024620	-0.059549	-0.004015	-0.018794	0.043136	-0.040339	0.000444	-0.024103	0.002030	
0.047967	0.059921	-0.057664	0.105958	-0.014173	-0.170106	0.006537	-0.054204	-0.052662	0.031539	0.026201	-0.002042	0.109279	0.097660	0.044937	0.057641	-0.029180	0.020372	-0.107110	-0.072234	0.044294	-0.045649	0.100088	-0.096202	0.083898	
0.001877	-0.001941	-0.012440	-0.129830	-0.053652	-0.062978	-0.022559	-0.009766	0.225897	-0.123089	-0.042483	-0.276415	0.043908	-0.007562	-0.057280	0.305348	0.016014	-0.031217	0.080951	0.221503	-0.020279	0.098481	-0.007245	-0.285255	-0.545852	
0.108603	-0.104824	0.079162	0.179528	-0.121145	-0.164788	-0.059028	-0.150150	0.005537	-0.248136	0.140066	-0.015594	-0.007842	0.140878	-0.054659	-0.151933	-0.118062	0.008094	-0.019340	-0.082877	0.275572	0.100870	-0.337247	-0.129892	-0.077665	
0.033753	0.109502	-0.135860	0.072969	0.026828	-0.021769	-0.074514	-0.218266	0.039480	-0.120954	-0.199306	0.023805	-0.053183	0.028791	-0.049451	-0.143356	-0.192274	-0.072613	-0.055290	-0.159955	0.073249	0.045370	-0.155009	-0.228537	-0.108436	
-0.052616	0.265853	-0.101924	0.152852	0.250225	-0.250281	-0.233932	-0.099608	0.097133	-0.051462	-0.174822	-0.137570	0.082437	0.117136	-0.000111	-0.257394	-0.225183	-0.045676	0.312740	0.285515	0.330467	-0.150590	-0.272319	-0.308374	-0.138144	
-0.127295	0.024479	0.170866	-0.069649	0.092955	-0.137649	-0.004052	-0.214790	0.097840	0.050568	0.216379	-0.039843	0.134137	-0.022011	0.185495	-0.076833	-0.036405	0.093793	0.086929	-0.119127	0.410091	0.176695	0.015013	-0.254922	-0.154386	
0.178906	0.041995	-0.047910	-0.039262	-0.227699	-0.152875	0.046497	-0.112288	-0.101620	-0.081988	0.121615	-0.094013	0.079266	0.042611	0.200960	-0.014032	-0.212942	0.292625	-0.088966	-0.087126	0.151085	-0.042688	0.161997	-0.046956	0.177067	
0.196896	0.122320	-0.125259	-0.107874	0.002049	0.023031	-0.139345	0.188185	0.037592	0.114195	-0.039381	-0.044734	-0.095722	0.018222	0.001086	-0.059436	-0.090863	0.168421	-0.012522	-0.017175	0.052946	0.019448	-0.218129	-0.045249	-0.062116	
0.231713	0.126558	-0.174903	-0.165171	-0.068123	0.055045	-0.115880	0.036230	-0.149106	0.040831	-0.022565	-0.044600	0.021246	-0.158966	-0.036589	-0.113081	-0.080966	0.078230	-0.019542	-0.064725	-0.075242	-0.053503	-0.090852	-0.081475	0.019011	
0.003856	0.034831	-0.031609	0.112188	0.011243	-0.015238	-0.046297	-0.090549	0.007692	-0.031654	-0.091383	0.035516	0.022856	-0.132817	0.022533	0.061081	0.059388	0.012517	0.004476	0.036951	0.056197	-0.011681	-0.088252	0.031669	0.052089	
-0.068383	0.055635	-0.123942	-0.028252	-0.097535	0.132461	0.146914	-0.072071	0.243008	-0.005226	-0.009473	-0.029165	-0.227077	0.133602	-0.060908	-0.238749	-0.037658	-0.049307	-0.197577	0.002813	-0.285931	-0.057647	0.161734	-0.026106	-0.019532	
0.049598	-0.019829	0.159658	-0.063557	0.073438	-0.036710	-0.028817	0.020782	0.047818	0.266398	0.075331	-0.088241	0.091153	-0.185708	0.124619	-0.052795	0.018199	-0.020847	-0.231774	0.106417	-0.163972	-0.114599	0.049981	0.292930	0.254791	
-0.187774	0.160812	-0.252231	-0.155388	-0.249257	0.021493	0.216233	-0.242930	0.210008	0.139524	-0.232775	-0.121732	0.168876	-0.204065	0.247430	-0.234043	0.180798	-0.181592	0.224838	0.135647	0.109005	0.266594	0.199732	0.227333	-0.234257	
-0.260641	0.188621	-0.197786	0.149885	-0.199096	0.167027	0.237144	-0.003947	0.033581	-0.127071	-0.269269	0.107928	0.227698	-0.201604	0.299739	-0.288272	-0.071535	-0.246638	0.263254	0.051336	-0.146891	0.221300	0.001070	0.231742	-0.272509	
-0.228512	0.274852	-0.233914	0.083777	-0.262247	0.228894	0.281025	-0.312677	-0.121424	-0.155122	-0.250493	0.165090	-0.072813	-0.273471	0.095825	-0.250918	-0.151745	0.058476	0.019266	0.204772	-0.140969	0.218347	-0.068567	0.278898	0.098935	
-0.230706	0.269846	-0.324244	-0.039410	-0.312661	0.240392	-0.055370	-0.120789	-0.019141	0.133543	-0.417794	0.069328	0.179397	0.064666	0.197166	-0.004365	0.139580	-0.273711	0.259437	0.085191	-0.072786	0.015102	0.167021	-0.189224	-0.288202	
-0.125471	-0.013318	0.009725	0.099034	0.017795	0.021595	0.049789	0.002576	0.119283	-0.227579	0.045765	0.075292	0.190130	-0.072144	-0.018368	-0.006156	0.098693	-0.158214	0.127502	-0.073752	-0.017080	-0.145472	0.225794	0.057062	0.065234	
0.003779	0.030324	0.070186	-0.014186	0.022683	-0.032256	-0.064655	-0.017613	0.035507	0.047134	0.067984	-0.075552	-0.064224	-0.096281	0.097987	-0.194132	-0.141591	0.133531	-0.135003	-0.019287	-0.018959	-0.063549	-0.070303	-0.052748	-0.002114	
0.141391	-0.094279	-0.100006	-0.112952	-0.041473	-0.056564	0.042161	-0.008516	0.001089	0.014282	-0.069121	-0.156381	0.116608	-0.020465	0.087683	-0.011072	0.026729	0.104606	-0.091612	-0.078702	-0.126504	0.044621	0.043104	0.148547	-0.182587	
-0.037602	0.039715	-0.029031	-0.086086	-0.062258	-0.002011	-0.125636	0.076593	-0.055196	-0.020546	-0.007171	-0.071161	0.014310	-0.127666	0.007911	0.020947	0.006964	-0.045227	-0.051452	-0.021253	-0.050265	-0.062711	0.022736	-0.011094	-0.007217	
0.055653	-0.023020	-0.110599	0.052270	0.105060	-0.043383	0.047867	-0.059801	-0.065058	0.149273	0.093158	0.025389	0.086517	-0.154325	0.137082	0.205097	0.011277	-0.001137	0.071742	0.173189	-0.060126	-0.080750	-0.125903	-0.003443	0.081620	
-0.088604	-0.031261	-0.035815	0.015981	-0.045567	0.022898	-0.076389	0.003453	-0.002767	-0.072208	0.007462	0.066237	0.096130	-0.021623	0.081916	0.000008	-0.027794	0.004625	0.012982	-0.059762	-0.034458	-0.078218	-0.048049	-0.126421	-0.119940	
0.058750	0.002546	0.021768	-0.029980	0.005238	-0.002863	-0.204702	-0.043833	-0.107294	0.048399	-0.007748	-0.077362	-0.054266	-0.033736	-0.049269	0.029004	0.061003	0.021003	-0.067290	0.043208	0.036784	0.036681	-0.046941	-0.034132	0.031501	
-0.130526	0.031628	-0.051100	-0.041541	0.098549	-0.029506	-0.048858	-0.043825	0.124332	-0.071259	0.118132	-0.072806	0.130666	-0.048126	0.024485	-0.076357	-0.042287	0.048248	0.019077	0.094695	0.036694	-0.058258	0.012790	-0.010925	0.035074	
-0.001139	-0.124961	0.036042	-0.077503	0.093180	0.131370	0.018910	-0.028154	-0.030541	0.072880	0.117068	-0.099971	0.036615	-0.015429	-0.054808	0.058130	-0.053344	0.192190	0.058051	0.061430	-0.037640	-0.078439	-0.170274	0.054438	-0.029731	
-0.095370	-0.015686	-0.049997	-0.002887	-0.029863	-0.007470	0.026411	0.031949	0.015201	0.028604	-0.005848	0.060323	0.039801	-0.019979	-0.001153	0.064103	-0.000231	0.070328	0.004075	0.043381	0.032283	0.056283	-0.015099	0.038334	0.052983	
0.026180	-0.041045	0.016709	-0.024962	0.018416	0.008719	-0.032144	-0.010132	-0.133092	-0.004462	0.007332	-0.073757	0.053742	-0.108700	0.028495	-0.020322	-0.020276	0.179786	-0.086822	0.140933	0.048427	-0.088231	-0.011572	0.013010	-0.129236	
-0.024693	0.081188	-0.032498	0.018384	0.060557	-0.052950	-0.115470	-0.132181	-0.090524	0.034129	0.093981	-0.230388	0.215287	0.029121	-0.137743	0.134443	0.296813	0.047659	0.020328	0.146327	0.006080	-0.216621	-0.013919	-0.029104	0.103916	
0.005014	0.013093	-0.073225	-0.067588	-0.071076	0.013383	-0.159062	0.023679	0.000458	0.078699	-0.023244	-0.173446	0.096179	0.089554	0.024296	-0.089447	-0.096116	0.225631	-0.033992	0.157403	0.092289	-0.079987	-0.006524	0.103928	-0.044760	
-0.040243	0.115464	-0.000250	-0.077841	-0.036486	-0.020926	0.026448	-0.029742	-0.083304	0.000591	-0.031809	0.088900	0.041938	-0.031751	0.029748	0.030216	0.019283	0.007955	-0.095705	0.077012	-0.027694	-0.177084	-0.058665	-0.013595	0.095277	
0.002810	-0.012387	-0.061825	-0.128315	0.004950	0.011240	-0.077965	-0.043503	0.010712	-0.047348	0.005995	0.048356	0.027985	-0.023259	0.023606	-0.037370	0.008715	-0.010215	0.073405	-0.055107	-0.049306	-0.044056	0.019596	-0.007360	-0.044089	
0.194442	-0.209203	-0.120685	-0.292996	0.011991	0.231345	0.013014	0.170693	0.069276	0.033093	0.318838	0.335539	0.266556	0.121742	-0.227641	-0.054638	-0.029918	0.302935	0.111108	0.285352	0.070658	-0.282757	0.006822	-0.123783	-0.295770	
0.065086	-0.004976	0.006817	0.005507	0.040991	-0.009927	-0.224515	0.130345	-0.119443	0.100040	-0.045375	0.025302	0.042279	-0.060157	0.088776	-0.071225	0.080057	0.127611	0.169601	0.040866	0.150894	0.012775	0.154426	-0.094474	-0.004225	
0.032454	0.192269	-0.319180	-0.017963	0.137844	-0.009208	0.010251	0.366207	0.071423	0.212215	-0.234284	-0.036244	0.310025	-0.326012	0.136135	-0.174513	-0.018386	0.006097	0.027679	0.321133	0.093512	0.085847	-0.390177	0.253647	0.105081	
-0.009508	-0.044458	-0.037253	0.063643	0.013492	-0.156087	-0.015424	0.038180	0.117802	-0.002057	0.040675	-0.037563	0.160176	0.036021	0.139171	0.144871	-0.014421	0.186724	0.026740	-0.107263	-0.193525	-0.129633	-0.045773	-0.063109	0.083948	
0.127547	-0.146908	0.134047	0.029688	0.276316	0.100858	0.069385	-0.083073	0.030779	0.082532	0.111179	-0.133743	0.173494	-0.285772	0.066839	-0.069388	-0.115017	-0.004761	-0.148972	-0.115633	-0.001202	-0.049770	-0.307333	0.092926	0.067865	
0.036524	0.064604	0.063645	-0.106088	0.100874	-0.034003	-0.067932	0.059550	-0.005478	0.056706	-0.066365	-0.037428	0.009486	-0.080017	-0.082498	0.113027	0.019562	0.006891	0.036114	0.206842	0.010597	0.136832	-0.027828	0.063938	-0.075565	
0.034615	0.104162	0.189645	-0.242198	0.141535	0.066744	-0.041872	0.148109	0.038809	0.277621	-0.139566	0.051760	-0.070960	-0.091602	-0.036376	0.175890	0.028907	0.088400	0.243699	0.269419	0.020091	-0.071973	0.022122	0.181870	-0.156396	
0.215161	0.167726	-0.013346	-0.169471	-0.063540	-0.073198	-0.152271	0.043573	-0.165643	0.177667	0.124817	0.085659	-0.188982	-0.127542	0.034483	-0.010180	-0.064409	0.247571	0.050297	0.021101	0.000171	-0.062137	-0.216006	0.012689	-0.166566	
-0.000805	-0.000537	-0.020915	-0.012492	-0.003425	-0.004332	-0.011572	0.012202	0.016044	0.017611	-0.012846	0.001934	0.002062	0.008322	0.018164	-0.008706	0.010109	0.000713	-0.000110	0.015948	-0.008459	-0.000386	0.005842	-0.005317	-0.005109	
0.007325	0.118045	-0.103062	-0.117006	0.080803	-0.005928	-0.022011	-0.029127	0.039178	0.031058	0.111047	0.140569	0.088128	-0.072881	-0.025434	-0.098748	0.101171	0.107401	-0.098382	0.134074	0.126742	0.096893	0.041805	0.048102	0.131565	
-0.080037	0.044299	0.092027	-0.077203	-0.026691	0.102706	0.003917	-0.051612	-0.023270	0.017609	0.090497	-0.012224	-0.033993	0.039213	-0.001128	0.040206	0.011298	-0.057372	-0.017313	0.147868	0.022259	0.097575	0.023008	-0.024755	-0.056354	
0.189877	0.041327	-0.002694	0.029864	-0.160092	0.004381	-0.212341	0.030015	-0.134752	-0.070107	0.142448	-0.001576	0.043718	-0.000219	0.000813	0.070391	-0.015158	0.005894	0.232441	0.088814	0.123495	-0.025389	-0.075186	-0.003277	0.028189	
0.325845	-0.237957	-0.040287	0.042082	0.028495	-0.064072	0.000264	0.057806	0.246190	-0.228335	-0.232540	0.208815	0.092088	-0.082643	0.142172	0.007685	-0.077281	0.040854	-0.005250	-0.141873	-0.071585	-0.157946	-0.042365	0.026449	0.099407	
0.019596	0.022834	0.088949	-0.015622	-0.015726	-0.033024	-0.062284	0.044105	-0.031370	0.082204	0.029221	0.010234	0.118705	0.008863	0.012520	0.042243	-0.005658	0.032742	-0.041630	0.021401	-0.039507	0.037048	-0.125869	0.034204	0.010640	
-0.003405	0.205564	0.058776	0.285263	-0.222283	-0.321048	0.065393	0.188986	-0.032256	0.049806	0.212789	-0.079735	-0.132458	0.029737	0.031495	-0.165978	-0.081078	0.050851	0.167301	0.132347	0.204385	-0.128792	-0.102697	-0.100869	0.135195	
-0.024062	-0.164337	0.345747	-0.005491	0.078985	0.100622	-0.017006	-0.209027	-0.022481	-0.180040	-0.022234	-0.022322	0.363316	-0.012701	0.244504	0.005041	0.305423	-0.025175	-0.090520	-0.085389	-0.039539	0.081435	-0.088761	0.044346	-0.046579	
0.001092	0.220591	-0.000750	0.000586	0.148338	0.004125	0.005568	-0.005117	0.007638	0.003730	-0.005823	0.188741	-0.002446	-0.000210	-0.002720	0.003439	-0.002405	-0.002556	-0.093427	-0.003161	-0.000368	-0.177911	-0.001240	0.004749	0.002227	
-0.145094	-0.019700	-0.124229	-0.048619	-0.097155	0.067326	-0.078917	0.053777	0.166143	-0.097791	-0.166358	0.003858	-0.083728	0.200417	0.152478	0.024807	-0.055945	-0.136563	-0.059552	0.124075	-0.159716	-0.225969	0.227198	-0.224292	-0.062875	
0.243828	0.084819	-0.121593	-0.227335	-0.103673	0.021276	0.062835	0.135241	-0.163324	0.137763	-0.034676	-0.016499	-0.192047	-0.051209	0.032998	-0.048702	-0.195116	0.131653	0.009109	-0.052221	0.000175	-0.015040	-0.251838	-0.056977	-0.073682	
0.024033	0.040411	0.068712	0.072606	-0.000284	-0.053407	-0.060158	-0.070578	0.022231	-0.106222	0.023409	-0.069985	0.041600	0.034635	0.031563	0.028488	0.056233	-0.062551	-0.041922	0.052140	0.030257	-0.008152	-0.007179	-0.116349	-0.042866	
0.028331	-0.000927	0.016697	-0.024200	-0.012751	-0.066442	0.101020	-0.000004	-0.000371	0.016844	-0.016065	-0.014346	0.004311	0.007642	-0.016031	0.024398	-0.000345	0.025967	-0.021992	-0.005383	-0.016287	-0.023740	-0.000643	-0.015104	0.002656	
-0.069118	-0.023642	-0.107704	0.090756	0.058145	0.119765	0.097582	-0.092439	0.129463	-0.082652	0.059619	-0.146487	0.113879	0.064081	0.061615	0.085212	0.094069	-0.074711	-0.014083	-0.131523	-0.045783	-0.166640	0.040540	-0.154015	0.030362	
-0.044948	0.269808	-0.012458	0.102502	0.050177	-0.146056	-0.033046	-0.086477	0.062520	-0.018717	-0.000789	-0.088089	0.064884	0.083301	0.099869	-0.055482	-0.041285	-0.128364	0.076087	0.021857	0.102301	-0.139348	0.057600	-0.093294	0.025268	
-0.042759	0.160354	0.145072	-0.085326	0.167177	0.160027	0.033132	-0.019920	0.026376	-0.095516	0.057367	-0.056035	-0.091476	-0.103379	0.052143	0.065977	0.013882	0.096212	0.056636	0.096537	-0.008546	0.096840	-0.077865	-0.047058	-0.129346	
0.029264	-0.070191	0.190255	0.153026	-0.045066	0.031397	-0.018689	0.034824	-0.089201	-0.068429	-0.153607	0.059352	0.073531	0.161324	-0.059861	-0.054154	-0.012331	-0.025706	0.057821	0.046239	-0.024672	0.136287	0.009817	0.019997	0.066693	
-0.084112	-0.056596	0.032182	0.135571	-0.107523	-0.103203	0.058752	-0.155640	-0.066307	0.003711	0.156380	-0.058022	-0.014161	0.029221	0.038243	-0.088490	-0.040851	0.036161	-0.086712	-0.003578	0.036438	-0.094667	0.009224	-0.103800	0.053838	
0.363352	-0.249835	0.028864	0.004941	0.024640	-0.115410	-0.041476	-0.007214	0.315022	-0.257167	-0.180576	0.199002	0.101500	-0.058537	0.199957	0.083570	0.000479	0.035947	-0.137438	-0.098381	-0.054067	-0.111024	-0.057780	0.086757	-0.175095	
0.095918	-0.065274	0.094341	-0.042510	0.161590	-0.121860	0.077523	0.213266	0.174348	-0.100112	-0.119623	0.048432	0.125358	-0.044579	0.032248	-0.059656	-0.133537	0.053164	0.150061	-0.023340	-0.082427	0.001494	-0.117297	0.092772	0.058904	
-0.005443	-0.122154	-0.019847	0.012505	-0.049686	0.027584	0.009192	0.029952	-0.074069	0.010914	-0.013505	0.036386	-0.080674	0.109997	0.055667	-0.069383	0.036157	-0.103575	-0.178008	-0.032760	0.027230	0.045639	-0.042845	0.037717	-0.005814	
0.027265	0.007297	0.005577	0.034431	-0.042020	-0.009034	0.117136	-0.037917	0.114729	0.070610	0.028302	-0.109671	-0.102268	0.126247	-0.028682	0.197476	0.035751	0.040866	-0.097369	-0.126855	0.037542	0.068164	0.061461	0.113342	0.080772	
-0.017955	0.060845	-0.031341	-0.061882	-0.064343	-0.017801	-0.034047	-0.010388	-0.130002	0.118865	0.079101	0.015410	-0.028426	0.012638	0.023546	0.027122	0.004093	0.101321	0.001143	0.103877	0.043056	0.059334	-0.112110	-0.045836	0.012520	
0.078326	-0.131888	-0.013505	0.017799	-0.113762	0.154602	-0.148782	-0.029479	0.114955	-0.181355	-0.152217	0.187094	0.139281	-0.097161	-0.051318	-0.194390	-0.023961	-0.035498	-0.101932	0.211138	-0.110513	0.146463	0.032323	0.145873	-0.052321	
-0.049760	-0.007425	0.126676	-0.065037	0.008884	0.035505	-0.000572	0.075075	-0.030809	0.055081	0.066439	-0.036533	0.120541	-0.035599	-0.009273	-0.040663	0.001021	-0.067144	-0.010718	-0.003403	0.075693	0.095400	0.025645	-0.037280	-0.021306	
-0.099658	-0.067633	0.084281	-0.047014	-0.067281	0.085752	0.051302	0.156580	-0.114438	0.011446	-0.054667	-0.127738	0.071317	-0.012881	-0.039743	0.039145	-0.079490	0.038016	0.093025	0.017950	-0.002243	-0.025946	-0.018759	0.130803	0.019462	
-0.068553	-0.001524	0.426321	-0.152887	0.104767	0.133052	-0.070149	0.037317	-0.048243	-0.046623	0.067430	-0.008254	0.139242	0.140043	0.137397	-0.014166	0.006236	-0.090368	-0.052426	0.003070	0.256700	-0.034871	0.002137	0.004450	-0.181821	
-0.014570	0.026318	0.012279	-0.009343	0.060006	0.039440	0.004873	0.015070	-0.084062	0.034273	-0.035926	-0.037400	0.044623	-0.047078	0.081085	-0.006711	-0.011635	-0.005863	0.059190	-0.056966	-0.077969	0.029114	-0.071860	0.037728	0.022297	
0.001673	0.013551	0.001502	0.030826	-0.087920	-0.005399	-0.053144	-0.066978	-0.003007	0.001186	-0.000094	-0.000167	0.000961	0.001220	-0.040303	-0.043320	0.000722	0.009778	0.049645	0.000653	-0.000619	0.010546	0.001685	0.001318	0.001477	
0.067694	0.076364	0.066767	0.017940	0.112651	0.061811	-0.000545	0.053577	-0.121342	0.133489	-0.054795	-0.062840	0.158239	0.020273	0.169785	0.086405	-0.048665	-0.000763	0.044531	-0.015885	0.022683	0.007552	0.045354	-0.069317	0.065039	
0.150371	0.120835	-0.144349	-0.179437	-0.131999	0.023118	-0.174290	0.014561	-0.264082	0.065175	0.019856	-0.097579	0.014692	-0.037765	0.076808	-0.074768	0.023015	0.175506	-0.026884	0.024295	-0.021409	-0.036063	-0.084373	-0.070513	-0.071529	
-0.026808	0.037136	-0.046642	0.035118	0.025401	0.021121	0.203768	0.192411	-0.120528	-0.062987	0.023598	0.020355	0.024700	0.013122	-0.102451	-0.065728	0.163789	0.070669	0.071051	-0.036085	-0.021779	-0.029369	0.157760	0.010041	-0.050847	
0.151129	0.114977	-0.064552	-0.188334	-0.090194	0.039699	-0.036243	0.050301	-0.046043	0.171901	-0.064554	0.017122	-0.039139	-0.078509	0.027792	-0.026566	-0.012443	0.026249	0.028135	-0.051437	0.065828	-0.011507	-0.041084	-0.017901	0.040609	
-0.043447	-0.143818	-0.023349	-0.141586	0.136601	0.142893	0.200233	0.141988	-0.092607	-0.039602	0.197899	0.191086	0.172651	0.012846	-0.085843	-0.001090	0.000446	0.178139	0.150288	0.185681	0.073902	-0.099500	-0.015347	-0.115542	-0.034591	
-0.000950	-0.001215	0.037658	-0.008770	0.030425	-0.100093	0.010595	0.009823	0.058618	0.001680	0.004667	-0.014331	-0.015018	-0.035736	0.045267	0.086203	0.021147	-0.021792	0.024792	0.079314	0.011458	0.038399	-0.080101	0.000397	-0.015815	
-0.054659	0.274526	0.179672	-0.123048	0.071841	0.064503	-0.052697	-0.030400	0.002271	0.239075	0.111720	0.035175	0.150127	0.109369	-0.048925	0.022634	0.072361	-0.127173	0.158455	0.064345	0.066184	-0.062354	0.102468	0.009883	-0.065584	
0.041405	0.001815	0.011035	0.031603	-0.061395	-0.035779	-0.082832	-0.047566	0.045762	-0.022502	-0.011813	-0.027346	0.009760	0.001981	0.003675	0.000253	0.048952	-0.021888	-0.068113	-0.040895	0.045022	0.116513	-0.046827	-0.035294	-0.047137	
-0.029230	-0.096862	0.042985	-0.064984	0.028415	0.025014	0.024913	-0.142966	-0.017746	0.010184	0.146329	0.068762	0.079054	-0.050774	0.018045	0.082112	0.033670	0.026188	-0.105809	-0.114880	-0.042363	0.028709	-0.004150	-0.051884	-0.058803	
-0.121081	-0.032181	-0.087839	-0.081532	-0.021339	-0.005247	-0.067870	-0.024386	-0.059163	-0.047310	-0.072698	0.093748	0.197045	-0.177247	0.054737	0.038193	0.077502	-0.141207	0.075218	0.095169	0.224890	0.016585	-0.186531	-0.043236	-0.031189	
0.053937	0.021347	0.049344	-0.043812	0.197471	-0.005004	-0.036832	0.142148	-0.148412	0.089842	-0.016478	0.001079	0.023122	-0.179994	-0.011171	0.132802	0.050214	0.030595	-0.131943	-0.059194	-0.087273	-0.191175	-0.213929	0.214745	-0.028716	
-0.049002	-0.047252	-0.077692	0.076996	0.005710	-0.012614	-0.054146	0.046323	0.140529	-0.076928	0.068313	-0.228453	0.169219	0.132739	0.043829	-0.035714	0.045471	0.079541	0.072063	0.076558	0.005409	-0.050706	0.112539	0.073953	0.164998	
0.017205	0.192834	0.016978	0.008438	0.064633	0.084249	-0.087188	-0.031815	0.111197	0.253643	0.059671	0.242604	-0.097386	-0.183638	0.023623	-0.223016	0.180768	0.210219	0.214923	0.114476	0.084927	-0.183136	-0.093123	0.028476	-0.174989	
0.041944	-0.074631	-0.019705	0.065139	0.006499	-0.017333	0.013133	0.016257	-0.136056	-0.060583	-0.074766	0.024845	0.043246	0.118311	0.096589	0.027945	-0.044442	-0.012259	-0.068451	-0.124153	-0.028939	0.039584	0.014494	0.055195	0.019118	
0.015852	0.017891	-0.027871	0.105465	-0.003641	0.049821	0.038740	-0.045598	0.001763	-0.040054	0.032939	0.057024	-0.033155	-0.012181	-0.037193	0.093975	-0.104886	-0.144178	-0.011559	-0.002332	-0.002491	0.112396	-0.108395	0.050526	-0.025181	
-0.003006	-0.021613	-0.092225	-0.068410	0.036389	-0.020923	-0.035816	-0.009298	-0.017832	-0.041221	0.178033	0.063293	0.023453	-0.035662	0.133407	-0.073414	0.009624	-0.069721	-0.029202	0.042648	0.077938	0.084323	-0.075961	0.010314	-0.074799	
0.010838	0.083079	0.027793	0.059467	0.058449	-0.002145	-0.013862	-0.011575	-0.007556	0.131666	0.069499	0.010719	0.004295	-0.077633	-0.035718	0.057841	-0.011836	0.033142	0.004329	0.030454	0.070503	-0.045043	0.000792	0.118847	-0.022214	
-0.032494	-0.011845	0.135284	-0.007275	0.036084	-0.076293	0.025570	0.172023	0.045775	-0.041777	0.051958	-0.178497	0.010913	-0.145649	0.012995	0.050641	-0.053998	0.075941	0.064701	-0.039629	0.003540	0.044777	0.084639	0.036429	0.060276	
-0.003754	0.022972	-0.009649	-0.052607	0.049926	-0.020048	-0.130962	-0.043482	-0.025446	-0.076764	0.239693	0.060781	-0.068975	-0.032989	0.106790	-0.078604	0.060300	-0.010131	0.029556	-0.001344	0.164781	0.090720	-0.126574	0.022780	-0.070853	
-0.030428	-0.094707	-0.074588	0.079077	-0.169885	-0.018734	0.121456	-0.093271	0.099542	-0.132226	-0.049346	0.034517	0.039808	0.151193	0.054219	-0.036517	0.002613	-0.030033	-0.026559	-0.139075	0.062221	0.052669	0.201968	-0.112598	-0.001936	
-0.052003	-0.069739	0.162285	0.241245	-0.095521	-0.042494	0.087763	-0.241150	-0.063052	-0.125757	0.064881	0.012773	0.241429	-0.019803	0.185380	-0.203857	0.161950	0.015012	-0.043254	0.101272	0.246228	0.205038	-0.083184	-0.137810	0.038919	
0.049165	-0.031591	0.024453	-0.091679	0.178035	-0.073375	0.064225	0.035026	-0.026083	-0.014708	0.101693	-0.031421	0.018694	-0.095556	-0.012437	0.039160	0.072379	0.068274	0.117043	0.049327	0.061697	-0.056636	-0.094064	0.025417	-0.007063	
0.211730	0.044680	-0.165441	-0.184969	-0.072853	-0.013116	-0.117546	0.084083	-0.243219	0.016889	0.043653	-0.029229	-0.225270	-0.004910	0.064575	-0.030159	-0.220323	0.174372	0.000544	0.002734	-0.052579	0.008917	-0.197356	-0.032410	-0.084512	
-0.013979	0.114008	-0.053529	-0.046416	-0.135544	0.110009	-0.256293	0.105234	-0.176036	0.150318	-0.036987	-0.037982	-0.007682	-0.126520	0.015379	-0.066201	0.022458	0.155924	-0.147064	0.104525	-0.036582	-0.079577	0.015074	0.024491	-0.085245	
-0.080169	-0.072433	0.083807	0.056015	0.047500	0.078774	0.104688	-0.013366	0.034525	-0.089645	-0.064204	-0.024302	-0.076187	0.013994	-0.040847	0.054680	-0.044254	-0.197426	0.104835	-0.066938	-0.140319	0.126482	0.095688	0.107115	-0.055398	
-0.084317	-0.048260	0.054185	0.057077	0.002099	0.126596	-0.080552	0.090990	-0.014075	0.014023	0.081136	0.114593	-0.081975	0.029372	-0.091865	-0.014689	-0.031929	-0.076535	0.071187	0.079173	0.067286	0.002917	0.036842	-0.022490	-0.086984	
-0.024754	-0.115405	-0.036340	-0.335494	0.277946	0.242030	-0.130824	-0.008817	-0.046261	0.029069	0.001309	0.054825	0.099804	-0.125904	0.022212	0.185457	0.070880	-0.218210	0.042918	-0.043707	-0.179881	0.173081	0.151071	0.196640	-0.152134	
0.027914	-0.218708	0.306572	-0.006866	0.030136	0.080524	-0.022186	-0.123941	0.012338	-0.179921	0.004291	-0.014500	0.326545	0.041502	0.234309	-0.025183	0.300514	-0.099762	-0.056021	-0.102394	-0.028841	0.286993	-0.048718	-0.014798	-0.015933	
0.076950	0.119798	0.009260	-0.086497	0.045843	0.001864	-0.042732	-0.040204	0.109826	0.057662	0.060078	-0.030342	-0.068278	-0.095969	-0.066738	0.119429	0.024296	-0.009209	0.050722	0.006067	0.033298	-0.039805	-0.035310	-0.034299	-0.002180	
-0.045445	-0.007967	0.013029	-0.059541	0.036065	0.024045	0.040884	0.029672	-0.042224	0.007328	0.004543	0.025178	0.026549	0.017409	0.110760	-0.028303	-0.062069	-0.107376	-0.083280	-0.031812	-0.028490	-0.075269	-0.013907	0.019161	0.001487	
-0.069351	-0.035497	0.010836	0.022003	-0.061801	0.005528	0.025096	0.045565	-0.003537	0.024608	0.064886	-0.012678	-0.027446	-0.009345	0.031049	-0.068465	-0.092914	0.088298	0.029647	0.012944	0.014602	0.003376	0.023813	-0.026806	0.099834	
-0.022782	-0.046909	-0.071382	-0.047164	0.205382	0.108972	-0.066916	-0.056798	-0.014850	0.000399	0.072384	0.040621	0.045615	-0.059972	0.029523	-0.098278	0.090804	-0.110152	-0.081756	0.069414	-0.133941	0.080537	0.064045	0.016337	-0.143107	
-0.109407	-0.281308	-0.135061	0.002074	0.066507	0.203780	0.032548	-0.015390	-0.170386	-0.064616	-0.046565	-0.104335	0.001104	-0.006618	0.054252	0.069658	-0.116557	-0.010584	-0.103377	-0.200075	0.035646	0.095962	-0.157931	0.107570	-0.134301	
0.055824	0.076148	0.243330	-0.092889	-0.035380	-0.092332	-0.042653	0.115321	-0.083830	0.182600	-0.041859	0.125415	-0.120069	-0.173161	0.036023	0.112627	0.067817	-0.054767	-0.007043	0.068776	-0.000902	0.019868	-0.100691	-0.070397	-0.007107	
-0.167371	0.005151	-0.004554	-0.000966	0.015537	-0.011222	-0.010474	-0.002471	-0.113104	-0.008664	-0.020449	0.114568	0.005719	0.248414	0.019427	-0.002117	0.034580	0.016973	0.046170	0.001922	-0.004782	-0.006126	-0.003150	-0.028560	0.001112	
0.124824	0.069137	0.039493	-0.440235	-0.095420	0.123168	-0.087190	0.192074	0.082065	0.053010	-0.259071	0.002861	0.078559	-0.072455	-0.020072	0.095113	-0.283991	-0.000772	-0.045553	0.278542	0.202202	-0.199665	0.064635	0.030166	-0.205407	
0.033396	-0.215222	0.092622	-0.007700	-0.085666	0.063344	0.118468	-0.073554	0.079386	-0.125625	-0.089248	0.004866	0.056226	0.105634	0.230595	-0.036927	-0.141931	-0.022696	0.002356	0.003999	0.140202	0.016345	0.064801	-0.026516	-0.047836	
0.040161	-0.084576	0.178285	-0.240515	0.081116	-0.060998	0.015365	0.101733	0.075218	-0.181002	-0.082766	-0.090541	0.096301	0.151596	-0.009615	0.025514	0.009379	0.069712	-0.080830	0.006394	0.066404	-0.146742	-0.033998	-0.164229	-0.171442	
-0.013848	0.007915	-0.212516	-0.006616	-0.111409	0.190642	-0.159124	-0.071345	-0.077877	-0.099643	-0.133562	-0.039473	0.045676	0.061100	0.002882	0.146132	-0.083844	-0.136676	0.024746	-0.014443	-0.043582	-0.108653	-0.045281	-0.128739	-0.040608	
-0.000114	0.126729	-0.037941	-0.022412	-0.133971	0.154017	0.102367	0.039758	0.087442	-0.097736	-0.038550	-0.085222	-0.060768	0.098925	-0.063598	0.069794	-0.125265	-0.117694	0.038227	0.031488	-0.073727	-0.072236	0.097636	-0.163218	-0.042753	
0.030142	0.040650	-0.110807	-0.029488	0.026883	-0.045982	0.023284	0.014868	0.003316	-0.094912	-0.090209	0.079675	-0.154586	0.060092	-0.063399	-0.043426	0.019661	0.000910	0.053586	0.053203	-0.069738	-0.032860	0.034031	-0.040206	-0.002590	
-0.068766	0.027708	-0.048929	-0.034421	0.000090	0.018143	0.044215	-0.063900	0.107383	0.010198	-0.031344	-0.035068	0.018303	-0.022245	0.062340	0.010437	-0.004686	0.046564	0.093168	-0.009324	0.098114	-0.122890	-0.035546	0.034175	-0.075949	
0.066176	-0.043255	0.079256	0.078798	-0.003672	-0.066737	0.026549	0.038788	-0.083011	0.028345	0.050805	0.038762	-0.017942	0.019155	-0.042447	-0.019682	-0.058929	-0.073902	-0.061652	-0.008850	-0.087629	0.109767	0.000327	-0.035877	0.034783	
-0.039780	0.013019	0.000287	0.019728	-0.001884	-0.002880	0.027499	0.005392	0.053519	0.219929	0.048922	-0.121609	-0.039110	-0.062074	0.007811	0.250464	0.043772	-0.031233	-0.021153	0.013875	0.015695	-0.023968	0.010407	0.046083	0.001657	
0.083496	0.010897	0.036966	0.103711	-0.056837	-0.027977	0.162133	-0.161347	-0.147640	0.043760	-0.065526	0.005716	-0.096392	0.025002	0.095371	0.076146	0.103077	-0.039147	-0.045952	-0.103441	-0.085107	0.125221	-0.014913	-0.094918	0.006055	
0.131314	-0.129600	-0.155846	-0.171973	0.089572	-0.031987	0.010759	0.096282	0.132830	0.014518	0.065421	0.202403	-0.243814	0.193096	-0.213828	0.076844	0.114184	0.005888	-0.051854	-0.037864	-0.005367	0.089596	-0.049569	0.246535	-0.144706	
0.009989	-0.002259	-0.039387	-0.021554	0.022010	-0.009422	-0.128743	0.078474	0.001741	0.048792	0.017028	-0.049176	-0.033555	0.040668	0.016575	0.030230	-0.049706	0.014041	-0.021184	-0.049766	-0.074697	-0.059196	0.069597	-0.025011	0.096838	
0.080298	0.054362	-0.055743	-0.018076	-0.114753	0.062886	-0.029817	0.013350	0.065763	-0.002471	-0.166335	0.010434	-0.086753	0.103872	0.020565	-0.059502	0.031946	-0.043727	0.062763	0.033618	0.037296	-0.121140	0.004029	0.013365	-0.047487	
-0.039264	0.133083	0.028561	-0.000818	0.160318	-0.036511	0.034163	-0.012266	0.046138	0.075325	0.022001	0.040049	0.205791	-0.028320	-0.009801	0.007485	-0.057993	0.094349	0.160507	-0.026454	0.183403	0.199058	-0.063381	0.225572	0.151709	
0.011294	0.024977	0.048565	0.087913	-0.058512	-0.103795	-0.100696	0.034367	-0.055728	0.085479	-0.014042	-0.107574	0.185556	-0.078901	0.033480	0.295694	-0.012629	0.031114	0.105173	-0.058647	0.085842	-0.065121	-0.011322	0.187155	0.112949	
0.003836	-0.060994	-0.044273	0.052373	-0.075766	-0.048793	0.119155	-0.040449	0.066791	-0.222619	0.025609	0.019546	-0.010020	0.037888	0.134359	0.014695	0.015242	-0.047929	-0.172427	-0.231341	0.043806	-0.009507	0.026047	-0.164025	0.017039	
0.145968	0.174793	-0.097471	-0.149331	0.012565	-0.056878	-0.084239	0.008198	-0.124075	-0.054524	0.050703	0.230399	0.085632	-0.118010	0.015193	-0.059624	-0.117846	0.089668	0.023098	0.010908	0.026637	-0.030275	-0.151588	0.101430	-0.079763	
-0.019949	0.015586	-0.007295	0.011322	0.002287	-0.012694	0.002912	0.018628	-0.021571	-0.014220	0.005226	-0.012605	-0.010797	-0.024745	0.006375	0.023423	-0.003319	0.036595	0.009876	0.009256	0.002814	0.004749	0.010271	0.014526	-0.015105	
0.045771	0.075113	-0.097009	-0.173029	0.074454	0.013238	-0.104263	0.023028	-0.020204	0.028822	-0.112692	0.031603	-0.044863	-0.097684	-0.026266	-0.039026	-0.061448	0.056716	0.087523	-0.034751	0.031474	0.145105	-0.058546	0.028405	-0.130275	
-0.006267	-0.002007	0.067889	-0.039721	-0.010640	0.115152	0.113905	0.026884	0.002444	0.048508	-0.000849	0.087011	-0.021801	0.044478	0.108470	0.066787	0.051713	-0.013275	-0.018111	-0.006314	0.049621	0.010901	-0.018945	0.006054	0.039637	
-0.101820	-0.010603	0.019039	-0.064970	0.061848	-0.078430	0.139654	0.090690	-0.006587	-0.034898	0.087016	-0.224757	0.118769	0.003655	-0.030417	-0.047860	-0.115112	0.070648	0.075896	-0.047553	-0.044570	-0.018340	0.095668	-0.251886	-0.025096	
-0.050978	0.051225	-0.009304	0.010989	0.001874	-0.013783	-0.026312	0.032191	-0.023734	-0.014616	0.050679	0.028921	0.056580	0.067083	-0.008251	0.019896	0.041109	0.016226	0.001409	-0.064098	0.007276	-0.055508	0.004762	0.003595	-0.030235	
0.176220	-0.016538	0.059241	0.074490	0.149568	-0.035120	0.011269	-0.041092	-0.090460	0.035173	0.090994	-0.004920	0.007226	-0.023662	-0.048275	0.075675	0.015785	-0.041819	0.010584	-0.126250	-0.040849	0.026538	0.011045	0.096501	-0.016053	
0.112102	0.108767	0.140466	0.123887	0.123399	0.086908	-0.032861	0.055622	-0.108806	0.014475	0.138036	0.150787	0.011358	-0.065474	-0.055360	-0.074940	0.061253	-0.081401	-0.101886	-0.023250	0.024748	0.003366	0.041039	-0.098128	0.098407	
0.051925	0.029606	-0.150627	-0.017464	0.039679	0.087913	-0.119848	0.072583	-0.045954	0.059019	-0.057179	-0.082644	-0.058619	-0.069270	-0.033876	-0.109658	-0.188956	0.102269	-0.028574	-0.006937	-0.034593	-0.103415	-0.178744	-0.031250	-0.115287	
-0.054180	0.089351	-0.035281	-0.022603	-0.037871	0.002113	-0.000718	-0.113111	0.053685	-0.018826	-0.056177	0.100517	-0.020569	-0.005385	-0.082631	-0.000687	-0.081483	0.031718	-0.035603	0.022711	0.004865	0.041270	0.034242	0.023570	-0.017047	
0.122634	0.244758	0.008700	0.013363	0.190198	-0.093454	0.033479	0.176765	-0.018609	0.103607	0.042356	0.029772	0.039887	-0.034122	0.083565	-0.024997	-0.118338	-0.055393	0.161183	-0.055061	0.222423	0.020663	-0.191646	0.037789	0.175102	
0.026385	-0.042044	0.051471	0.118846	0.051387	0.007695	-0.034118	0.010493	-0.006511	-0.055408	0.056738	0.046545	-0.030618	-0.041918	0.042640	-0.056953	-0.013197	-0.003394	0.038226	0.008781	0.036902	-0.054915	0.069734	-0.067228	0.038342	
-0.100587	0.050475	0.036141	0.046502	-0.085207	-0.139655	0.054983	-0.099260	-0.001187	-0.090271	-0.009124	0.129426	0.071554	0.089911	0.104114	-0.008747	0.003700	0.038959	-0.188386	0.061796	0.016130	-0.054117	0.045241	-0.159169	0.029430	
0.044899	0.114949	-0.080816	-0.043423	0.015390	-0.045269	-0.056082	0.042105	0.134209	0.019534	-0.257676	0.010021	-0.022492	-0.027320	0.054763	-0.028281	-0.022523	-0.071288	0.063885	0.021159	0.031032	-0.084241	0.005923	0.063192	0.085430	
-0.042101	0.116358	0.029505	-0.064693	0.039480	-0.009274	-0.057236	0.028799	0.026522	-0.004525	-0.002227	0.049023	-0.009757	-0.021358	0.034520	-0.086602	-0.034163	0.003820	0.042333	-0.076480	0.104181	-0.073404	-0.144441	-0.061714	0.052512	
0.141114	0.039642	0.033313	0.019991	0.129635	-0.040316	-0.199638	0.078628	-0.018999	0.219219	-0.151805	0.068466	0.104947	-0.099926	-0.050357	0.057439	-0.062418	-0.025317	0.151906	-0.051926	0.073491	-0.054054	-0.038242	0.097347	-0.065411	
0.023432	-0.126768	0.014058	0.123561	-0.054041	-0.039914	0.010143	-0.070325	0.007840	0.060104	-0.103158	0.145132	-0.065718	0.094040	-0.133601	-0.046583	0.029254	-0.011854	-0.063363	-0.041892	-0.054785	0.074948	0.060940	0.013467	-0.092459	
-0.083325	0.100839	0.048352	0.083371	0.085942	0.056797	0.100350	-0.064524	-0.022241	0.026364	0.031551	-0.036812	0.083929	0.028012	0.063536	-0.078407	-0.104156	0.023439	0.006940	-0.049763	0.094099	-0.109898	-0.042676	-0.108584	0.012158	
0.181179	-0.043969	-0.071137	-0.029072	-0.060566	-0.080085	-0.152835	0.041325	0.096356	-0.087391	-0.059066	-0.060897	0.098387	-0.089280	-0.046270	-0.055027	0.011594	-0.083152	-0.028115	0.009842	-0.013728	-0.018907	0.120072	-0.001891	-0.166794	
0.057966	-0.051150	-0.064505	0.029312	0.114071	-0.012599	-0.105007	-0.046015	0.002973	0.010910	-0.118756	-0.177143	-0.012645	0.008883	-0.104724	0.051271	-0.026622	0.054603	-0.005413	-0.031973	-0.012232	-0.131719	0.006273	-0.012402	-0.002453	
0.085831	-0.029916	-0.072983	-0.004802	0.042680	-0.002599	-0.025375	-0.007282	-0.022487	-0.059308	0.021793	-0.079753	-0.148321	-0.007502	0.028687	-0.034846	-0.022481	0.037895	0.014451	0.039704	0.002997	0.006511	0.014314	-0.060826	0.034913	
0.130101	-0.025744	-0.011045	0.053760	0.085285	0.057812	0.071348	0.029855	-0.068955	0.005807	0.081732	0.021413	-0.002957	-0.065720	-0.056591	-0.035533	0.062145	0.150374	0.041323	0.024506	-0.014807	-0.027538	0.012415	0.022276	0.054256	
0.003089	-0.088809	-0.048174	0.037004	0.023951	-0.031264	0.137936	0.039088	0.018100	-0.045857	0.062176	-0.008118	0.021790	-0.108734	-0.001942	-0.003531	-0.049330	-0.033817	-0.011126	0.102364	0.082964	0.011825	-0.018736	-0.050837	-0.073977	
0.165849	-0.072026	0.037185	0.053102	0.052646	0.052232	-0.005698	0.087702	-0.164622	0.173618	-0.032137	0.056178	-0.070952	-0.186422	-0.080024	-0.066107	0.083383	-0.057905	0.220186	0.152434	-0.108516	0.153938	-0.092518	0.181103	-0.030208	
-0.010898	-0.066469	-0.016628	-0.219395	0.141989	0.045062	-0.019068	-0.018199	-0.172017	0.227333	-0.011029	-0.009591	-0.064525	-0.234207	-0.166592	-0.075499	0.103184	-0.113568	0.063299	0.159982	-0.041777	0.128264	-0.164846	-0.026228	-0.012752	
0.070513	0.085618	0.037894	-0.133332	0.117476	-0.004345	0.001766	0.145523	-0.123424	0.039752	-0.032690	0.246842	-0.052698	-0.079762	-0.117771	-0.059604	0.036496	0.129144	-0.057852	0.244496	0.021858	-0.007355	-0.175012	0.269802	-0.122817	
-0.027910	-0.060780	0.077365	0.045037	-0.151451	0.035972	-0.074949	-0.008153	-0.000068	-0.018451	-0.040040	-0.038709	0.046899	-0.065812	-0.007435	-0.031603	0.019838	-0.065213	-0.033721	0.000874	-0.015271	-0.025752	-0.083220	-0.076100	0.023023	
-0.030381	-0.029902	-0.156406	-0.093893	0.012676	-0.086444	-0.113536	0.078274	-0.032186	-0.068727	-0.082257	0.031939	-0.008290	-0.056523	-0.111686	0.051278	-0.105126	-0.071727	0.041500	-0.015576	0.061192	-0.058866	0.019224	-0.056748	0.109904	
0.070792	0.054250	-0.145154	-0.016712	0.062765	0.095223	-0.049887	0.164018	0.021257	0.048186	-0.154834	0.029324	-0.070875	-0.139306	-0.038258	0.115409	-0.034878	-0.067300	0.080055	0.028762	-0.056447	-0.071114	0.015318	0.026917	0.004465	
-0.091152	0.001534	0.006449	-0.013808	-0.023662	-0.082918	0.052701	0.047883	0.037852	0.035380	-0.027303	0.007652	-0.066421	0.100384	0.010202	-0.078878	-0.144788	-0.060047	-0.143627	-0.187280	0.064879	0.030536	-0.042337	-0.139491	0.106745	
0.000474	0.009950	0.058317	-0.013361	-0.070720	0.013394	0.095906	0.080140	0.002591	-0.040667	0.053167	0.017594	0.051669	-0.012691	-0.081824	0.038735	0.117392	0.048369	0.027822	-0.038149	-0.047204	-0.012157	0.048006	0.020192	0.044642	
-0.007180	-0.045207	0.082136	0.007224	-0.000059	0.004209	0.071210	0.135318	0.034959	0.026200	0.032684	-0.047056	0.045754	0.007630	-0.027213	0.019942	-0.016258	0.070812	0.017912	-0.021512	-0.065829	-0.005876	0.053042	0.004139	-0.050187	
0.016556	-0.010000	0.027001	-0.083460	-0.030417	0.062227	-0.036420	0.019427	0.022639	-0.001923	0.097207	0.044346	-0.011027	-0.029473	-0.096782	0.052868	0.035122	0.026466	0.162614	-0.061447	-0.036782	-0.024470	-0.003425	-0.039206	0.017637	
-0.012758	0.075546	-0.045994	-0.031560	0.031243	0.107129	-0.022560	-0.009061	-0.020578	0.036123	-0.011416	0.049692	0.029155	-0.031270	-0.083631	0.027845	-0.020409	0.014274	-0.010955	0.034534	0.012007	-0.027206	-0.013196	0.030842	0.001272	
-0.034326	0.001633	0.011731	0.101800	0.072157	0.053236	0.019578	-0.009288	0.046384	0.008583	-0.064928	-0.014114	0.041703	0.073309	0.012349	-0.040776	0.022723	0.020166	-0.090071	-0.026330	0.028810	-0.021653	0.122705	0.014686	-0.035153	
-0.015497	0.062794	0.148728	-0.046690	-0.060426	-0.045023	0.028629	0.027198	0.044178	-0.012790	0.018893	0.014916	0.142379	-0.084541	0.006111	-0.000128	0.030474	-0.064103	0.016993	0.020431	-0.042978	-0.074623	0.003309	-0.010259	-0.087971	
0.233809	-0.140391	-0.085045	-0.170715	-0.046803	-0.113937	-0.069029	0.186529	-0.215322	-0.081001	-0.288623	-0.225419	-0.252460	0.021904	0.170294	0.068617	-0.269307	-0.238976	0.027085	0.039064	-0.243510	0.167307	0.049511	0.001694	0.304522	
-0.133204	0.032767	0.076509	-0.038209	-0.018649	0.096758	-0.074844	0.048796	-0.079047	-0.010365	0.071178	-0.078332	0.001662	0.007218	-0.145088	0.007938	-0.055617	0.047296	0.042268	0.125559	0.188565	-0.105083	0.043523	-0.047837	-0.194815	
0.026370	-0.163139	0.029401	0.060994	0.018412	0.071851	-0.144802	-0.144811	0.116277	-0.013521	-0.069730	-0.014419	0.073816	0.075562	0.004520	0.059146	-0.022341	0.051290	-0.102074	0.096173	-0.058259	-0.024823	0.135700	0.125327	-0.063314	
0.052471	0.047724	0.117599	-0.113032	0.110741	-0.100305	0.070573	0.062657	-0.134010	0.013579	-0.062987	0.143213	-0.124275	-0.045080	-0.058517	0.007681	-0.053557	-0.050073	0.066209	0.054995	0.071522	0.102579	-0.030209	0.142097	-0.144093	
-0.064692	-0.030988	0.045275	0.003189	0.006552	0.092938	0.092428	-0.023281	0.054170	-0.124698	-0.029796	-0.057937	-0.028309	-0.077297	-0.074159	0.081639	0.077291	0.070394	0.043967	-0.038267	-0.028175	-0.047622	-0.019419	0.023877	0.042142	
0.003329	-0.042570	-0.017605	0.075791	0.109438	-0.029614	-0.046846	0.062471	0.036825	0.025091	-0.014504	-0.079107	0.034844	-0.013314	-0.053430	-0.025671	0.122831	0.034055	-0.020332	-0.009025	-0.124445	-0.119419	-0.044219	0.098367	0.121850	
-0.023957	-0.105930	0.119451	-0.010396	-0.003550	-0.058442	0.005233	-0.020811	0.003998	-0.064863	-0.032223	-0.117671	-0.072292	-0.045896	-0.056968	-0.009621	-0.047214	-0.106217	-0.043617	0.049480	-0.001606	-0.010893	-0.002973	0.026258	0.008429	
0.004652	-0.001527	-0.026182	-0.040319	-0.012476	-0.034087	-0.000596	-0.077854	0.008814	0.000552	-0.039466	-0.001910	-0.000698	0.000303	-0.031219	-0.039927	-0.023488	0.012689	0.001875	0.051531	0.036252	0.011397	0.000471	0.047452	0.000659	
-0.140273	-0.002129	0.028791	-0.025471	0.061268	-0.099700	-0.106829	-0.016905	-0.022222	0.056475	0.003964	-0.034640	-0.086209	-0.129109	-0.106370	0.103712	-0.015341	0.006150	0.056577	0.085724	0.052799	0.053534	-0.079975	-0.033352	0.074010	
0.036128	0.032826	0.028076	-0.024142	-0.023334	0.024564	0.016787	0.019042	0.006293	-0.049961	0.070254	0.008043	0.006410	0.019036	0.001006	0.005802	0.075185	-0.078840	0.006147	0.011901	-0.017572	-0.072068	0.076036	-0.044860	0.016542	
0.051922	0.075389	0.112938	-0.111171	0.185165	0.031685	0.027648	0.097531	-0.059752	0.132926	-0.087348	-0.096095	-0.093068	-0.146704	0.062090	0.009351	-0.035984	0.062528	0.170243	0.058696	0.030366	0.105362	-0.065862	-0.002000	0.027403	
-0.087945	0.012400	-0.016475	0.021798	0.015001	-0.012389	0.006924	-0.034730	-0.032418	-0.053862	0.002391	0.001148	0.027957	0.075380	0.004010	0.010306	-0.019530	0.021635	-0.004722	-0.000513	0.050993	0.082272	0.059463	0.003713	-0.001697	
-0.031244	0.035764	-0.059223	0.067739	0.037690	-0.072636	-0.012978	0.020713	0.004475	0.040976	-0.072253	-0.018882	0.066158	-0.069971	0.114088	-0.024723	-0.099797	-0.041595	-0.019866	0.006843	0.099050	-0.015120	-0.017384	-0.028285	0.140082	
-0.002742	0.006410	0.004039	-0.044387	-0.027199	0.037702	-0.067464	0.057380	0.017637	0.059214	-0.112212	-0.010642	0.050987	-0.036570	-0.018100	0.059332	0.007914	-0.034013	0.006626	-0.006676	-0.084740	0.052047	0.015213	0.053294	-0.023500	
-0.047511	0.012666	-0.030246	0.110587	0.051362	-0.005467	0.062395	-0.042042	0.081692	0.078585	-0.014093	0.064425	-0.021715	0.013295	0.052194	0.016214	0.054179	0.050367	0.063202	0.122346	0.059177	-0.038614	0.014414	0.058959	-0.067719	
0.003448	-0.066404	0.067187	0.094284	0.048544	-0.030205	-0.015328	-0.009269	-0.175692	0.117933	0.096884	-0.148355	0.286002	-0.060342	0.036836	0.138624	-0.017249	-0.002050	0.011391	-0.045613	0.080649	0.175229	-0.161397	0.045457	0.008898	
-0.015833	-0.021636	0.001585	-0.045066	0.016032	0.002130	-0.038751	0.065832	0.002730	0.021360	-0.012520	-0.086439	0.019175	-0.007035	0.018622	-0.023851	-0.036756	-0.042223	-0.026242	0.005803	0.013580	0.030947	0.001873	-0.037747	-0.006525	
-0.055153	-0.019387	-0.009301	0.073923	0.035506	0.058600	0.031715	0.005880	0.076647	0.062715	0.061674	0.033276	0.012581	0.002821	-0.069842	0.049728	0.011963	0.053137	0.008484	-0.007586	0.044146	-0.035253	-0.014051	0.014600	-0.039918	
-0.052819	-0.118911	0.056154	0.109673	-0.079894	0.031741	0.001437	-0.017282	0.101815	-0.007759	-0.018495	-0.019952	0.024189	0.091185	0.002260	0.099499	0.057707	-0.109344	0.008808	0.030075	0.009883	0.037455	0.108675	0.040071	-0.010314	
-0.102644	0.056733	0.057991	0.003977	-0.035652	-0.038975	-0.049890	0.014226	0.045308	-0.040619	0.025699	0.055894	-0.045176	-0.012717	-0.025226	0.058693	0.045275	0.046594	0.103767	0.021929	-0.000726	-0.023603	0.002658	0.070631	0.057327	
-0.029578	-0.016556	-0.068284	-0.002084	-0.025760	-0.006161	0.043731	-0.033975	-0.010856	-0.025851	0.001129	0.048371	0.016969	0.005427	-0.051858	0.017557	0.083187	-0.038015	0.120707	0.033408	-0.008088	-0.002949	0.033190	-0.001334	-0.000001	
0.015853	-0.013524	0.045240	-0.000544	-0.111779	-0.034227	-0.005338	-0.050969	-0.077384	0.020688	0.011252	0.015547	0.042746	0.009566	-0.073606	0.046946	0.030356	-0.023165	0.004372	-0.071032	-0.040686	0.049161	-0.001064	-0.081310	-0.080881	
0.022466	0.077862	0.028583	0.071867	0.098892	-0.095651	-0.089996	-0.192223	-0.001794	0.061671	0.018183	-0.024111	0.128514	-0.089234	-0.081186	0.031020	-0.001556	0.092606	-0.000449	-0.040547	0.082642	0.039549	0.016303	0.111013	0.000077	
0.082793	0.111234	-0.057741	0.010368	0.027400	0.028391	0.012016	0.026181	-0.018455	0.043341	-0.002204	0.052209	0.038809	0.029252	0.020692	0.038066	0.041898	-0.098406	-0.003507	-0.027875	-0.047983	0.009871	0.070560	-0.040137	-0.071135	
0.064220	0.010629	-0.108685	0.036108	0.011229	0.015120	0.017148	0.088255	0.020141	-0.004531	-0.010353	0.052603	0.005272	0.017552	-0.013086	0.024526	0.059258	0.031142	-0.008194	-0.012844	0.016317	-0.078801	-0.079168	0.066582	-0.143096	
0.063127	-0.045696	0.083249	0.048112	-0.059335	-0.031595	-0.024873	-0.015051	-0.050807	-0.013409	0.105969	0.004796	0.069034	-0.049907	0.034261	0.075407	0.001212	0.074928	-0.034935	-0.132425	0.046016	0.060971	-0.017166	0.055588	-0.004753	
-0.071056	-0.063405	-0.042408	-0.021528	0.044764	0.006993	-0.016479	-0.010200	-0.043551	0.002564	-0.055341	0.011667	0.009183	0.047775	0.032425	-0.011422	-0.031774	0.019078	-0.071658	-0.011708	0.020482	0.019441	0.007224	0.012713	0.022206	
